10	0.162
10.01	0.208
10.02	0.261
10.03	0.319
10.04	0.381
10.05	0.444
10.06	0.507
10.07	0.567
10.08	0.624
10.09	0.674
10.1	0.718
10.11	0.753
10.12	0.779
10.13	0.794
10.14	0.793
10.15	0.775
10.16	0.739
10.17	0.688
10.18	0.624
10.19	0.554
10.2	0.487
10.21	0.431
10.22	0.388
10.23	0.362
10.24	0.353
10.25	0.356
10.26	0.363
10.27	0.368
10.28	0.366
10.29	0.356
10.3	0.34
10.31	0.318
10.32	0.293
10.33	0.268
10.34	0.237
10.35	0.184
10.36	0.097
10.37	-0.027
10.38	-0.181
10.39	-0.355
10.4	-0.532
10.41	-0.69
10.42	-0.804
10.43	-0.864
10.44	-0.876
10.45	-0.856
10.46	-0.822
10.47	-0.789
10.48	-0.769
10.49	-0.764
10.5	-0.77
10.51	-0.772
10.52	-0.759
10.53	-0.724
10.54	-0.664
10.55	-0.578
10.56	-0.473
10.57	-0.357
10.58	-0.237
10.59	-0.124
10.6	-0.025
10.61	0.054
10.62	0.106
10.63	0.128
10.64	0.117
10.65	0.076
10.66	0.009
10.67	-0.076
10.68	-0.174
10.69	-0.28
10.7	-0.39
10.71	-0.499
10.72	-0.603
10.73	-0.695
10.74	-0.773
10.75	-0.831
10.76	-0.866
10.77	-0.878
10.78	-0.872
10.79	-0.852
10.8	-0.822
10.81	-0.786
10.82	-0.748
10.83	-0.707
10.84	-0.654
10.85	-0.582
10.86	-0.49
10.87	-0.384
10.88	-0.273
10.89	-0.166
10.9	-0.07
10.91	0.006
10.92	0.059
10.93	0.086
10.94	0.086
10.95	0.064
10.96	0.027
10.97	-0.013
10.98	-0.048
10.99	-0.075
11	-0.092
11.01	-0.099
11.02	-0.096
11.03	-0.084
11.04	-0.061
11.05	-0.027
11.06	0.021
11.07	0.081
11.08	0.141
11.09	0.188
11.1	0.214
11.11	0.219
11.12	0.211
11.13	0.199
11.14	0.19
11.15	0.191
11.16	0.204
11.17	0.222
11.18	0.232
11.19	0.226
11.2	0.201
11.21	0.165
11.22	0.125
11.23	0.086
11.24	0.053
11.25	0.026
11.26	0.006
11.27	-0.004
11.28	-0.004
11.29	0.004
11.3	0.015
11.31	0.025
11.32	0.03
11.33	0.03
11.34	0.026
11.35	0.025
11.36	0.037
11.37	0.073
11.38	0.132
11.39	0.201
11.4	0.266
11.41	0.318
11.42	0.354
11.43	0.375
11.44	0.381
11.45	0.37
11.46	0.341
11.47	0.294
11.48	0.238
11.49	0.179
11.5	0.126
11.51	0.083
11.52	0.057
11.53	0.048
11.54	0.052
11.55	0.064
11.56	0.078
11.57	0.088
11.58	0.09
11.59	0.08
11.6	0.06
11.61	0.032
11.62	-0.002
11.63	-0.036
11.64	-0.064
11.65	-0.083
11.66	-0.094
11.67	-0.099
11.68	-0.1
11.69	-0.1
11.7	-0.099
11.71	-0.097
11.72	-0.094
11.73	-0.086
11.74	-0.072
11.75	-0.05
11.76	-0.018
11.77	0.024
11.78	0.069
11.79	0.107
11.8	0.131
11.81	0.143
11.82	0.151
11.83	0.163
11.84	0.187
11.85	0.227
11.86	0.284
11.87	0.354
11.88	0.429
11.89	0.499
11.9	0.562
11.91	0.62
11.92	0.674
11.93	0.726
11.94	0.774
11.95	0.816
11.96	0.849
11.97	0.869
11.98	0.871
11.99	0.852
12	0.808
12.01	0.737
12.02	0.644
12.03	0.538
12.04	0.429
12.05	0.328
12.06	0.239
12.07	0.166
12.08	0.112
12.09	0.076
12.1	0.057
12.11	0.055
12.12	0.068
12.13	0.095
12.14	0.137
12.15	0.193
12.16	0.263
12.17	0.345
12.18	0.433
12.19	0.521
12.2	0.604
12.21	0.683
12.22	0.759
12.23	0.834
12.24	0.899
12.25	0.945
12.26	0.965
12.27	0.955
12.28	0.919
12.29	0.859
12.3	0.785
12.31	0.707
12.32	0.634
12.33	0.562
12.34	0.481
12.35	0.38
12.36	0.257
12.37	0.109
12.38	-0.057
12.39	-0.232
12.4	-0.4
12.41	-0.547
12.42	-0.666
12.43	-0.76
12.44	-0.831
12.45	-0.883
12.46	-0.915
12.47	-0.93
12.48	-0.929
12.49	-0.921
12.5	-0.911
12.51	-0.904
12.52	-0.901
12.53	-0.901
12.54	-0.904
12.55	-0.909
12.56	-0.913
12.57	-0.916
12.58	-0.913
12.59	-0.9
12.6	-0.879
12.61	-0.853
12.62	-0.829
12.63	-0.811
12.64	-0.802
12.65	-0.802
12.66	-0.807
12.67	-0.807
12.68	-0.791
12.69	-0.752
12.7	-0.691
12.71	-0.617
12.72	-0.538
12.73	-0.458
12.74	-0.383
12.75	-0.316
12.76	-0.261
12.77	-0.221
12.78	-0.197
12.79	-0.186
12.8	-0.182
12.81	-0.183
12.82	-0.185
12.83	-0.188
12.84	-0.19
12.85	-0.191
12.86	-0.19
12.87	-0.184
12.88	-0.173
12.89	-0.15
12.9	-0.116
12.91	-0.072
12.92	-0.027
12.93	0.014
12.94	0.048
12.95	0.077
12.96	0.102
12.97	0.125
12.98	0.145
12.99	0.162
13	0.172
13.01	0.168
13.02	0.147
13.03	0.11
13.04	0.064
13.05	0.014
13.06	-0.033
13.07	-0.078
13.08	-0.119
13.09	-0.154
13.1	-0.18
13.11	-0.192
13.12	-0.191
13.13	-0.178
13.14	-0.156
13.15	-0.128
13.16	-0.094
13.17	-0.057
13.18	-0.016
13.19	0.025
13.2	0.065
13.21	0.1
13.22	0.128
13.23	0.144
13.24	0.147
13.25	0.14
13.26	0.124
13.27	0.103
13.28	0.078
13.29	0.047
13.3	0.011
13.31	-0.031
13.32	-0.079
13.33	-0.133
13.34	-0.188
13.35	-0.241
13.36	-0.287
13.37	-0.325
13.38	-0.354
13.39	-0.376
13.4	-0.389
13.41	-0.395
13.42	-0.392
13.43	-0.383
13.44	-0.366
13.45	-0.343
13.46	-0.317
13.47	-0.291
13.48	-0.268
13.49	-0.245
13.5	-0.214
13.51	-0.17
13.52	-0.11
13.53	-0.039
13.54	0.039
13.55	0.119
13.56	0.193
13.57	0.257
13.58	0.309
13.59	0.35
13.6	0.385
13.61	0.413
13.62	0.432
13.63	0.437
13.64	0.429
13.65	0.409
13.66	0.383
13.67	0.355
13.68	0.327
13.69	0.301
13.7	0.279
13.71	0.259
13.72	0.24
13.73	0.223
13.74	0.212
13.75	0.212
13.76	0.225
13.77	0.248
13.78	0.279
13.79	0.311
13.8	0.341
13.81	0.365
13.82	0.379
13.83	0.383
13.84	0.378
13.85	0.366
13.86	0.351
13.87	0.336
13.88	0.326
13.89	0.319
13.9	0.312
13.91	0.302
13.92	0.29
13.93	0.279
13.94	0.273
13.95	0.275
13.96	0.288
13.97	0.313
13.98	0.348
13.99	0.389
14	0.431
14.01	0.472
14.02	0.513
14.03	0.556
14.04	0.603
14.05	0.653
14.06	0.707
14.07	0.759
14.08	0.8
14.09	0.82
14.1	0.819
14.11	0.799
14.12	0.766
14.13	0.725
14.14	0.678
14.15	0.628
14.16	0.577
14.17	0.527
14.18	0.482
14.19	0.443
14.2	0.409
14.21	0.382
14.22	0.362
14.23	0.348
14.24	0.34
14.25	0.337
14.26	0.329
14.27	0.308
14.28	0.272
14.29	0.227
14.3	0.181
14.31	0.138
14.32	0.095
14.33	0.049
14.34	-0.006
14.35	-0.07
14.36	-0.145
14.37	-0.229
14.38	-0.32
14.39	-0.414
14.4	-0.506
14.41	-0.597
14.42	-0.685
14.43	-0.768
14.44	-0.842
14.45	-0.901
14.46	-0.942
14.47	-0.965
14.48	-0.97
14.49	-0.962
14.5	-0.947
14.51	-0.934
14.52	-0.927
14.53	-0.928
14.54	-0.937
14.55	-0.952
14.56	-0.973
14.57	-0.999
14.58	-1.029
14.59	-1.056
14.6	-1.075
14.61	-1.079
14.62	-1.07
14.63	-1.055
14.64	-1.039
14.65	-1.026
14.66	-1.018
14.67	-1.015
14.68	-1.009
14.69	-0.991
14.7	-0.953
14.71	-0.898
14.72	-0.831
14.73	-0.758
14.74	-0.686
14.75	-0.616
14.76	-0.549
14.77	-0.487
14.78	-0.43
14.79	-0.378
14.8	-0.332
14.81	-0.294
14.82	-0.267
14.83	-0.251
14.84	-0.245
14.85	-0.248
14.86	-0.256
14.87	-0.263
14.88	-0.267
14.89	-0.267
14.9	-0.273
14.91	-0.291
14.92	-0.32
14.93	-0.351
14.94	-0.37
14.95	-0.372
14.96	-0.359
14.97	-0.334
14.98	-0.304
14.99	-0.275
15	-0.258
15.01	-0.253
15.02	-0.258
15.03	-0.264
15.04	-0.268
15.05	-0.263
15.06	-0.246
15.07	-0.214
15.08	-0.17
15.09	-0.114
15.1	-0.051
15.11	0.013
15.12	0.07
15.13	0.117
15.14	0.15
15.15	0.169
15.16	0.178
15.17	0.174
15.18	0.155
15.19	0.118
15.2	0.063
15.21	-0.01
15.22	-0.095
15.23	-0.188
15.24	-0.282
15.25	-0.371
15.26	-0.448
15.27	-0.502
15.28	-0.525
15.29	-0.517
15.3	-0.486
15.31	-0.442
15.32	-0.39
15.33	-0.326
15.34	-0.247
15.35	-0.151
15.36	-0.038
15.37	0.092
15.38	0.233
15.39	0.372
15.4	0.494
15.41	0.591
15.42	0.661
15.43	0.707
15.44	0.732
15.45	0.74
15.46	0.736
15.47	0.723
15.48	0.7
15.49	0.665
15.5	0.619
15.51	0.569
15.52	0.522
15.53	0.486
15.54	0.459
15.55	0.44
15.56	0.423
15.57	0.411
15.58	0.404
15.59	0.405
15.6	0.416
15.61	0.442
15.62	0.483
15.63	0.536
15.64	0.593
15.65	0.649
15.66	0.699
15.67	0.743
15.68	0.782
15.69	0.818
15.7	0.855
15.71	0.898
15.72	0.943
15.73	0.986
15.74	1.022
15.75	1.046
15.76	1.056
15.77	1.05
15.78	1.033
15.79	1.015
15.8	1.004
15.81	1.004
15.82	1.009
15.83	1.011
15.84	1.006
15.85	0.992
15.86	0.971
15.87	0.942
15.88	0.907
15.89	0.868
15.9	0.827
15.91	0.783
15.92	0.735
15.93	0.685
15.94	0.631
15.95	0.575
15.96	0.517
15.97	0.46
15.98	0.408
15.99	0.363
16	0.328
16.01	0.304
16.02	0.292
16.03	0.29
16.04	0.299
16.05	0.313
16.06	0.329
16.07	0.339
16.08	0.338
16.09	0.33
16.1	0.322
16.11	0.32
16.12	0.32
16.13	0.309
16.14	0.279
16.15	0.228
16.16	0.163
16.17	0.092
16.18	0.018
16.19	-0.06
16.2	-0.146
16.21	-0.24
16.22	-0.338
16.23	-0.436
16.24	-0.53
16.25	-0.615
16.26	-0.686
16.27	-0.743
16.28	-0.781
16.29	-0.803
16.3	-0.805
16.31	-0.787
16.32	-0.747
16.33	-0.689
16.34	-0.622
16.35	-0.555
16.36	-0.493
16.37	-0.437
16.38	-0.382
16.39	-0.328
16.4	-0.275
16.41	-0.224
16.42	-0.178
16.43	-0.14
16.44	-0.116
16.45	-0.105
16.46	-0.104
16.47	-0.103
16.48	-0.101
16.49	-0.098
16.5	-0.1
16.51	-0.109
16.52	-0.123
16.53	-0.138
16.54	-0.148
16.55	-0.153
16.56	-0.153
16.57	-0.146
16.58	-0.135
16.59	-0.12
16.6	-0.103
16.61	-0.082
16.62	-0.06
16.63	-0.037
16.64	-0.014
16.65	0.008
16.66	0.028
16.67	0.048
16.68	0.07
16.69	0.096
16.7	0.126
16.71	0.158
16.72	0.189
16.73	0.216
16.74	0.234
16.75	0.238
16.76	0.23
16.77	0.212
16.78	0.19
16.79	0.166
16.8	0.141
16.81	0.116
16.82	0.091
16.83	0.069
16.84	0.05
16.85	0.036
16.86	0.023
16.87	0.012
16.88	-0.003
16.89	-0.024
16.9	-0.058
16.91	-0.103
16.92	-0.155
16.93	-0.207
16.94	-0.254
16.95	-0.297
16.96	-0.338
16.97	-0.377
16.98	-0.414
16.99	-0.45
17	-0.485
17.01	-0.525
17.02	-0.572
17.03	-0.628
17.04	-0.69
17.05	-0.75
17.06	-0.804
17.07	-0.845
17.08	-0.866
17.09	-0.865
17.1	-0.844
17.11	-0.81
17.12	-0.766
17.13	-0.717
17.14	-0.662
17.15	-0.602
17.16	-0.536
17.17	-0.466
17.18	-0.39
17.19	-0.313
17.2	-0.239
17.21	-0.174
17.22	-0.12
17.23	-0.078
17.24	-0.048
17.25	-0.027
17.26	-0.013
17.27	-0.002
17.28	0.008
17.29	0.016
17.3	0.023
17.31	0.029
17.32	0.034
17.33	0.04
17.34	0.048
17.35	0.056
17.36	0.065
17.37	0.072
17.38	0.078
17.39	0.082
17.4	0.085
17.41	0.089
17.42	0.098
17.43	0.113
17.44	0.133
17.45	0.156
17.46	0.181
17.47	0.212
17.48	0.255
17.49	0.315
17.5	0.395
17.51	0.497
17.52	0.619
17.53	0.753
17.54	0.891
17.55	1.021
17.56	1.135
17.57	1.225
17.58	1.286
17.59	1.316
17.6	1.316
17.61	1.29
17.62	1.243
17.63	1.184
17.64	1.116
17.65	1.04
17.66	0.943
17.67	0.819
17.68	0.669
17.69	0.504
17.7	0.336
17.71	0.174
17.72	0.025
17.73	-0.105
17.74	-0.214
17.75	-0.299
17.76	-0.36
17.77	-0.399
17.78	-0.422
17.79	-0.437
17.8	-0.444
17.81	-0.44
17.82	-0.417
17.83	-0.374
17.84	-0.315
17.85	-0.246
17.86	-0.171
17.87	-0.094
17.88	-0.013
17.89	0.068
17.9	0.147
17.91	0.219
17.92	0.282
17.93	0.337
17.94	0.383
17.95	0.42
17.96	0.444
17.97	0.449
17.98	0.434
17.99	0.399
18	0.345
18.01	0.277
18.02	0.199
18.03	0.119
18.04	0.042
18.05	-0.025
18.06	-0.076
18.07	-0.106
18.08	-0.118
18.09	-0.116
18.1	-0.105
18.11	-0.092
18.12	-0.08
18.13	-0.072
18.14	-0.066
18.15	-0.059
18.16	-0.046
18.17	-0.027
18.18	-0.004
18.19	0.023
18.2	0.054
18.21	0.093
18.22	0.142
18.23	0.2
18.24	0.263
18.25	0.327
18.26	0.387
18.27	0.442
18.28	0.488
18.29	0.522
18.3	0.535
18.31	0.52
18.32	0.48
18.33	0.424
18.34	0.362
18.35	0.3
18.36	0.24
18.37	0.182
18.38	0.127
18.39	0.082
18.4	0.052
18.41	0.038
18.42	0.037
18.43	0.045
18.44	0.058
18.45	0.079
18.46	0.106
18.47	0.14
18.48	0.178
18.49	0.215
18.5	0.248
18.51	0.275
18.52	0.291
18.53	0.296
18.54	0.288
18.55	0.268
18.56	0.238
18.57	0.204
18.58	0.17
18.59	0.138
18.6	0.106
18.61	0.07
18.62	0.028
18.63	-0.021
18.64	-0.073
18.65	-0.128
18.66	-0.185
18.67	-0.248
18.68	-0.314
18.69	-0.379
18.7	-0.435
18.71	-0.478
18.72	-0.509
18.73	-0.533
18.74	-0.555
18.75	-0.58
18.76	-0.612
18.77	-0.653
18.78	-0.699
18.79	-0.743
18.8	-0.779
18.81	-0.808
18.82	-0.832
18.83	-0.855
18.84	-0.881
18.85	-0.91
18.86	-0.945
18.87	-0.984
18.88	-1.024
18.89	-1.062
18.9	-1.097
18.91	-1.127
18.92	-1.15
18.93	-1.166
18.94	-1.174
18.95	-1.174
18.96	-1.162
18.97	-1.138
18.98	-1.098
18.99	-1.047
19	-0.988
19.01	-0.929
19.02	-0.874
19.03	-0.828
19.04	-0.792
19.05	-0.766
19.06	-0.747
19.07	-0.728
19.08	-0.706
19.09	-0.678
19.1	-0.642
19.11	-0.598
19.12	-0.552
19.13	-0.509
19.14	-0.469
19.15	-0.43
19.16	-0.384
19.17	-0.327
19.18	-0.258
19.19	-0.176
19.2	-0.083
19.21	0.016
19.22	0.114
19.23	0.206
19.24	0.287
19.25	0.355
19.26	0.408
19.27	0.449
19.28	0.481
19.29	0.505
19.3	0.526
19.31	0.546
19.32	0.568
19.33	0.597
19.34	0.64
19.35	0.699
19.36	0.77
19.37	0.842
19.38	0.908
19.39	0.962
19.4	1
19.41	1.021
19.42	1.029
19.43	1.027
19.44	1.018
19.45	1.003
19.46	0.981
19.47	0.951
19.48	0.916
19.49	0.882
19.5	0.853
19.51	0.829
19.52	0.806
19.53	0.781
19.54	0.752
19.55	0.722
19.56	0.693
19.57	0.668
19.58	0.647
19.59	0.632
19.6	0.621
19.61	0.612
19.62	0.603
19.63	0.593
19.64	0.584
19.65	0.576
19.66	0.569
19.67	0.559
19.68	0.544
19.69	0.52
19.7	0.49
19.71	0.455
19.72	0.414
19.73	0.36
19.74	0.287
19.75	0.195
19.76	0.09
19.77	-0.016
19.78	-0.113
19.79	-0.193
19.8	-0.249
19.81	-0.281
19.82	-0.293
19.83	-0.296
19.84	-0.297
19.85	-0.304
19.86	-0.32
19.87	-0.346
19.88	-0.379
19.89	-0.412
19.9	-0.439
19.91	-0.454
19.92	-0.451
19.93	-0.427
19.94	-0.387
19.95	-0.34
19.96	-0.292
19.97	-0.243
19.98	-0.188
19.99	-0.123
20	-0.046
20.01	0.039
20.02	0.129
20.03	0.221
20.04	0.309
20.05	0.393
20.06	0.47
20.07	0.542
20.08	0.61
20.09	0.67
20.1	0.71
20.11	0.722
20.12	0.703
20.13	0.663
20.14	0.61
20.15	0.548
20.16	0.476
20.17	0.389
20.18	0.286
20.19	0.171
20.2	0.045
20.21	-0.087
20.22	-0.219
20.23	-0.344
20.24	-0.461
20.25	-0.568
20.26	-0.667
20.27	-0.758
20.28	-0.836
20.29	-0.899
20.3	-0.944
20.31	-0.965
20.32	-0.961
20.33	-0.93
20.34	-0.875
20.35	-0.802
20.36	-0.716
20.37	-0.624
20.38	-0.534
20.39	-0.451
20.4	-0.385
20.41	-0.344
20.42	-0.333
20.43	-0.348
20.44	-0.38
20.45	-0.42
20.46	-0.463
20.47	-0.509
20.48	-0.557
20.49	-0.607
20.5	-0.657
20.51	-0.705
20.52	-0.748
20.53	-0.787
20.54	-0.817
20.55	-0.838
20.56	-0.847
20.57	-0.843
20.58	-0.823
20.59	-0.79
20.6	-0.742
20.61	-0.685
20.62	-0.628
20.63	-0.579
20.64	-0.54
20.65	-0.509
20.66	-0.478
20.67	-0.445
20.68	-0.409
20.69	-0.373
20.7	-0.34
20.71	-0.312
20.72	-0.296
20.73	-0.289
20.74	-0.289
20.75	-0.289
20.76	-0.285
20.77	-0.276
20.78	-0.263
20.79	-0.244
20.8	-0.216
20.81	-0.177
20.82	-0.125
20.83	-0.062
20.84	0.008
20.85	0.084
20.86	0.162
20.87	0.241
20.88	0.319
20.89	0.391
20.9	0.452
20.91	0.497
20.92	0.523
20.93	0.526
20.94	0.505
20.95	0.463
20.96	0.406
20.97	0.337
20.98	0.262
20.99	0.18
21	0.095
21.01	0.016
21.02	-0.045
21.03	-0.078
21.04	-0.08
21.05	-0.057
21.06	-0.017
21.07	0.033
21.08	0.088
21.09	0.144
21.1	0.196
21.11	0.241
21.12	0.277
21.13	0.303
21.14	0.324
21.15	0.342
21.16	0.358
21.17	0.367
21.18	0.363
21.19	0.345
21.2	0.316
21.21	0.282
21.22	0.245
21.23	0.208
21.24	0.171
21.25	0.136
21.26	0.104
21.27	0.079
21.28	0.062
21.29	0.049
21.3	0.036
21.31	0.02
21.32	0.002
21.33	-0.015
21.34	-0.033
21.35	-0.052
21.36	-0.074
21.37	-0.1
21.38	-0.123
21.39	-0.135
21.4	-0.135
21.41	-0.129
21.42	-0.127
21.43	-0.138
21.44	-0.164
21.45	-0.207
21.46	-0.26
21.47	-0.316
21.48	-0.358
21.49	-0.379
21.5	-0.376
21.51	-0.35
21.52	-0.308
21.53	-0.252
21.54	-0.188
21.55	-0.121
21.56	-0.059
21.57	-0.012
21.58	0.011
21.59	0.016
21.6	0.015
21.61	0.023
21.62	0.042
21.63	0.072
21.64	0.109
21.65	0.15
21.66	0.194
21.67	0.243
21.68	0.293
21.69	0.341
21.7	0.382
21.71	0.416
21.72	0.446
21.73	0.476
21.74	0.508
21.75	0.541
21.76	0.572
21.77	0.6
21.78	0.629
21.79	0.661
21.8	0.698
21.81	0.743
21.82	0.794
21.83	0.851
21.84	0.906
21.85	0.95
21.86	0.979
21.87	0.995
21.88	1.001
21.89	1.002
21.9	0.998
21.91	0.986
21.92	0.969
21.93	0.947
21.94	0.928
21.95	0.914
21.96	0.899
21.97	0.876
21.98	0.837
21.99	0.782
22	0.717
22.01	0.645
22.02	0.568
22.03	0.49
22.04	0.409
22.05	0.329
22.06	0.255
22.07	0.188
22.08	0.132
22.09	0.087
22.1	0.051
22.11	0.025
22.12	0.004
22.13	-0.012
22.14	-0.029
22.15	-0.051
22.16	-0.084
22.17	-0.128
22.18	-0.181
22.19	-0.238
22.2	-0.293
22.21	-0.338
22.22	-0.366
22.23	-0.378
22.24	-0.38
22.25	-0.383
22.26	-0.391
22.27	-0.402
22.28	-0.411
22.29	-0.419
22.3	-0.43
22.31	-0.448
22.32	-0.472
22.33	-0.498
22.34	-0.517
22.35	-0.529
22.36	-0.535
22.37	-0.54
22.38	-0.546
22.39	-0.554
22.4	-0.56
22.41	-0.564
22.42	-0.565
22.43	-0.563
22.44	-0.558
22.45	-0.549
22.46	-0.536
22.47	-0.518
22.48	-0.497
22.49	-0.472
22.5	-0.446
22.51	-0.424
22.52	-0.411
22.53	-0.41
22.54	-0.417
22.55	-0.424
22.56	-0.425
22.57	-0.417
22.58	-0.401
22.59	-0.376
22.6	-0.346
22.61	-0.313
22.62	-0.28
22.63	-0.246
22.64	-0.208
22.65	-0.163
22.66	-0.115
22.67	-0.07
22.68	-0.033
22.69	0.001
22.7	0.043
22.71	0.102
22.72	0.173
22.73	0.239
22.74	0.285
22.75	0.307
22.76	0.314
22.77	0.314
22.78	0.31
22.79	0.297
22.8	0.269
22.81	0.229
22.82	0.185
22.83	0.149
22.84	0.127
22.85	0.126
22.86	0.148
22.87	0.191
22.88	0.242
22.89	0.292
22.9	0.332
22.91	0.359
22.92	0.372
22.93	0.371
22.94	0.357
22.95	0.333
22.96	0.3
22.97	0.267
22.98	0.24
22.99	0.224
23	0.223
23.01	0.236
23.02	0.262
23.03	0.291
23.04	0.313
23.05	0.322
23.06	0.317
23.07	0.304
23.08	0.286
23.09	0.266
23.1	0.244
23.11	0.221
23.12	0.198
23.13	0.172
23.14	0.142
23.15	0.106
23.16	0.058
23.17	-0.002
23.18	-0.074
23.19	-0.156
23.2	-0.243
23.21	-0.331
23.22	-0.414
23.23	-0.487
23.24	-0.548
23.25	-0.601
23.26	-0.648
23.27	-0.688
23.28	-0.722
23.29	-0.749
23.3	-0.768
23.31	-0.778
23.32	-0.778
23.33	-0.766
23.34	-0.739
23.35	-0.697
23.36	-0.64
23.37	-0.574
23.38	-0.503
23.39	-0.428
23.4	-0.35
23.41	-0.27
23.42	-0.19
23.43	-0.12
23.44	-0.066
23.45	-0.031
23.46	-0.009
23.47	0.007
23.48	0.017
23.49	0.019
23.5	0.009
23.51	-0.014
23.52	-0.042
23.53	-0.067
23.54	-0.087
23.55	-0.101
23.56	-0.111
23.57	-0.118
23.58	-0.119
23.59	-0.112
23.6	-0.094
23.61	-0.064
23.62	-0.022
23.63	0.032
23.64	0.094
23.65	0.162
23.66	0.23
23.67	0.294
23.68	0.347
23.69	0.387
23.7	0.41
23.71	0.415
23.72	0.403
23.73	0.381
23.74	0.356
23.75	0.332
23.76	0.31
23.77	0.288
23.78	0.267
23.79	0.247
23.8	0.234
23.81	0.228
23.82	0.226
23.83	0.222
23.84	0.212
23.85	0.194
23.86	0.167
23.87	0.134
23.88	0.098
23.89	0.061
23.9	0.027
23.91	-0.002
23.92	-0.025
23.93	-0.042
23.94	-0.058
23.95	-0.079
23.96	-0.108
23.97	-0.144
23.98	-0.18
23.99	-0.208
24	-0.225
24.01	-0.23
24.02	-0.222
24.03	-0.207
24.04	-0.192
24.05	-0.182
24.06	-0.183
24.07	-0.196
24.08	-0.221
24.09	-0.256
24.1	-0.297
24.11	-0.341
24.12	-0.379
24.13	-0.402
24.14	-0.401
24.15	-0.37
24.16	-0.309
24.17	-0.218
24.18	-0.107
24.19	0.013
24.2	0.125
24.21	0.22
24.22	0.291
24.23	0.335
24.24	0.355
24.25	0.369
24.26	0.393
24.27	0.435
24.28	0.489
24.29	0.543
24.3	0.586
24.31	0.6
24.32	0.572
24.33	0.497
24.34	0.388
24.35	0.262
24.36	0.135
24.37	0.016
24.38	-0.091
24.39	-0.184
24.4	-0.261
24.41	-0.319
24.42	-0.358
24.43	-0.38
24.44	-0.389
24.45	-0.387
24.46	-0.372
24.47	-0.338
24.48	-0.281
24.49	-0.202
24.5	-0.106
24.51	0.003
24.52	0.114
24.53	0.218
24.54	0.307
24.55	0.376
24.56	0.428
24.57	0.465
24.58	0.487
24.59	0.496
24.6	0.489
24.61	0.467
24.62	0.427
24.63	0.37
24.64	0.298
24.65	0.219
24.66	0.141
24.67	0.07
24.68	0.011
24.69	-0.032
24.7	-0.06
24.71	-0.076
24.72	-0.083
24.73	-0.087
24.74	-0.093
24.75	-0.108
24.76	-0.135
24.77	-0.173
24.78	-0.22
24.79	-0.273
24.8	-0.327
24.81	-0.375
24.82	-0.416
24.83	-0.447
24.84	-0.467
24.85	-0.477
24.86	-0.474
24.87	-0.455
24.88	-0.421
24.89	-0.379
24.9	-0.336
24.91	-0.3
24.92	-0.27
24.93	-0.243
24.94	-0.218
24.95	-0.198
24.96	-0.189
24.97	-0.195
24.98	-0.214
24.99	-0.239
25	-0.265
25.01	-0.291
25.02	-0.316
25.03	-0.338
25.04	-0.357
25.05	-0.368
25.06	-0.371
25.07	-0.365
25.08	-0.35
25.09	-0.33
25.1	-0.308
25.11	-0.287
25.12	-0.271
25.13	-0.256
25.14	-0.237
25.15	-0.207
25.16	-0.16
25.17	-0.094
25.18	-0.008
25.19	0.094
25.2	0.201
25.21	0.302
25.22	0.389
25.23	0.457
25.24	0.501
25.25	0.524
25.26	0.533
25.27	0.533
25.28	0.528
25.29	0.517
25.3	0.498
25.31	0.472
25.32	0.437
25.33	0.396
25.34	0.349
25.35	0.301
25.36	0.256
25.37	0.217
25.38	0.187
25.39	0.165
25.4	0.151
25.41	0.138
25.42	0.12
25.43	0.092
25.44	0.05
25.45	-0.009
25.46	-0.083
25.47	-0.167
25.48	-0.256
25.49	-0.345
25.5	-0.433
25.51	-0.522
25.52	-0.611
25.53	-0.692
25.54	-0.759
25.55	-0.806
25.56	-0.832
25.57	-0.838
25.58	-0.825
25.59	-0.792
25.6	-0.739
25.61	-0.667
25.62	-0.585
25.63	-0.502
25.64	-0.428
25.65	-0.366
25.66	-0.315
25.67	-0.271
25.68	-0.236
25.69	-0.209
25.7	-0.19
25.71	-0.181
25.72	-0.182
25.73	-0.195
25.74	-0.218
25.75	-0.251
25.76	-0.289
25.77	-0.326
25.78	-0.35
25.79	-0.351
25.8	-0.33
25.81	-0.296
25.82	-0.26
25.83	-0.224
25.84	-0.184
25.85	-0.132
25.86	-0.071
25.87	-0.013
25.88	0.029
25.89	0.05
25.9	0.059
25.91	0.068
25.92	0.086
25.93	0.118
25.94	0.165
25.95	0.226
25.96	0.299
25.97	0.38
25.98	0.462
25.99	0.538
26	0.6
26.01	0.645
26.02	0.68
26.03	0.711
26.04	0.742
26.05	0.766
26.06	0.771
26.07	0.752
26.08	0.719
26.09	0.689
26.1	0.674
26.11	0.679
26.12	0.701
26.13	0.737
26.14	0.782
26.15	0.833
26.16	0.882
26.17	0.922
26.18	0.944
26.19	0.942
26.2	0.918
26.21	0.884
26.22	0.85
26.23	0.819
26.24	0.788
26.25	0.753
26.26	0.715
26.27	0.675
26.28	0.636
26.29	0.603
26.3	0.582
26.31	0.576
26.32	0.589
26.33	0.619
26.34	0.664
26.35	0.718
26.36	0.77
26.37	0.81
26.38	0.831
26.39	0.822
26.4	0.78
26.41	0.707
26.42	0.616
26.43	0.525
26.44	0.441
26.45	0.364
26.46	0.291
26.47	0.218
26.48	0.145
26.49	0.07
26.5	-0.008
26.51	-0.087
26.52	-0.165
26.53	-0.24
26.54	-0.306
26.55	-0.356
26.56	-0.387
26.57	-0.399
26.58	-0.393
26.59	-0.373
26.6	-0.343
26.61	-0.309
26.62	-0.272
26.63	-0.236
26.64	-0.202
26.65	-0.17
26.66	-0.141
26.67	-0.112
26.68	-0.085
26.69	-0.056
26.7	-0.024
26.71	0.011
26.72	0.049
26.73	0.087
26.74	0.123
26.75	0.153
26.76	0.173
26.77	0.183
26.78	0.179
26.79	0.163
26.8	0.134
26.81	0.092
26.82	0.036
26.83	-0.036
26.84	-0.12
26.85	-0.206
26.86	-0.284
26.87	-0.348
26.88	-0.395
26.89	-0.424
26.9	-0.437
26.91	-0.431
26.92	-0.406
26.93	-0.365
26.94	-0.314
26.95	-0.261
26.96	-0.214
26.97	-0.186
26.98	-0.185
26.99	-0.214
27	-0.261
27.01	-0.313
27.02	-0.36
27.03	-0.399
27.04	-0.435
27.05	-0.466
27.06	-0.487
27.07	-0.489
27.08	-0.471
27.09	-0.437
27.1	-0.397
27.11	-0.357
27.12	-0.313
27.13	-0.258
27.14	-0.191
27.15	-0.123
27.16	-0.07
27.17	-0.041
27.18	-0.037
27.19	-0.053
27.2	-0.082
27.21	-0.118
27.22	-0.156
27.23	-0.193
27.24	-0.227
27.25	-0.257
27.26	-0.283
27.27	-0.305
27.28	-0.324
27.29	-0.34
27.3	-0.354
27.31	-0.369
27.32	-0.386
27.33	-0.403
27.34	-0.418
27.35	-0.43
27.36	-0.44
27.37	-0.453
27.38	-0.473
27.39	-0.496
27.4	-0.519
27.41	-0.536
27.42	-0.549
27.43	-0.566
27.44	-0.591
27.45	-0.622
27.46	-0.646
27.47	-0.653
27.48	-0.636
27.49	-0.6
27.5	-0.551
27.51	-0.496
27.52	-0.441
27.53	-0.395
27.54	-0.357
27.55	-0.323
27.56	-0.284
27.57	-0.24
27.58	-0.192
27.59	-0.148
27.6	-0.112
27.61	-0.09
27.62	-0.085
27.63	-0.099
27.64	-0.131
27.65	-0.179
27.66	-0.239
27.67	-0.301
27.68	-0.36
27.69	-0.407
27.7	-0.442
27.71	-0.462
27.72	-0.468
27.73	-0.461
27.74	-0.445
27.75	-0.42
27.76	-0.387
27.77	-0.344
27.78	-0.293
27.79	-0.241
27.8	-0.193
27.81	-0.155
27.82	-0.128
27.83	-0.108
27.84	-0.092
27.85	-0.077
27.86	-0.061
27.87	-0.041
27.88	-0.019
27.89	0.002
27.9	0.019
27.91	0.032
27.92	0.044
27.93	0.058
27.94	0.074
27.95	0.091
27.96	0.106
27.97	0.119
27.98	0.127
27.99	0.127
28	0.12
28.01	0.109
28.02	0.097
28.03	0.086
28.04	0.076
28.05	0.067
28.06	0.061
28.07	0.059
28.08	0.063
28.09	0.075
28.1	0.094
28.11	0.121
28.12	0.152
28.13	0.178
28.14	0.193
28.15	0.192
28.16	0.177
28.17	0.149
28.18	0.111
28.19	0.069
28.2	0.027
28.21	-0.01
28.22	-0.037
28.23	-0.05
28.24	-0.048
28.25	-0.036
28.26	-0.022
28.27	-0.009
28.28	0.006
28.29	0.029
28.3	0.062
28.31	0.106
28.32	0.158
28.33	0.215
28.34	0.269
28.35	0.312
28.36	0.34
28.37	0.358
28.38	0.373
28.39	0.387
28.4	0.399
28.41	0.403
28.42	0.394
28.43	0.377
28.44	0.357
28.45	0.338
28.46	0.323
28.47	0.311
28.48	0.302
28.49	0.299
28.5	0.304
28.51	0.319
28.52	0.342
28.53	0.366
28.54	0.383
28.55	0.392
28.56	0.396
28.57	0.398
28.58	0.402
28.59	0.407
28.6	0.413
28.61	0.418
28.62	0.42
28.63	0.415
28.64	0.407
28.65	0.404
28.66	0.417
28.67	0.447
28.68	0.491
28.69	0.539
28.7	0.584
28.71	0.617
28.72	0.631
28.73	0.625
28.74	0.602
28.75	0.571
28.76	0.538
28.77	0.51
28.78	0.491
28.79	0.482
28.8	0.479
28.81	0.476
28.82	0.469
28.83	0.456
28.84	0.434
28.85	0.405
28.86	0.374
28.87	0.349
28.88	0.331
28.89	0.315
28.9	0.292
28.91	0.257
28.92	0.211
28.93	0.16
28.94	0.107
28.95	0.048
28.96	-0.023
28.97	-0.113
28.98	-0.216
28.99	-0.324
29	-0.428
29.01	-0.523
29.02	-0.61
29.03	-0.689
29.04	-0.757
29.05	-0.809
29.06	-0.842
29.07	-0.855
29.08	-0.847
29.09	-0.822
29.1	-0.781
29.11	-0.728
29.12	-0.663
29.13	-0.593
29.14	-0.521
29.15	-0.452
29.16	-0.388
29.17	-0.327
29.18	-0.268
29.19	-0.21
29.2	-0.157
29.21	-0.11
29.22	-0.071
29.23	-0.038
29.24	-0.009
29.25	0.017
29.26	0.038
29.27	0.052
29.28	0.058
29.29	0.054
29.3	0.042
29.31	0.018
29.32	-0.023
29.33	-0.088
29.34	-0.177
29.35	-0.277
29.36	-0.374
29.37	-0.457
29.38	-0.52
29.39	-0.565
29.4	-0.593
29.41	-0.604
29.42	-0.601
29.43	-0.586
29.44	-0.565
29.45	-0.545
29.46	-0.526
29.47	-0.501
29.48	-0.454
29.49	-0.379
29.5	-0.279
29.51	-0.17
29.52	-0.068
29.53	0.021
29.54	0.092
29.55	0.147
29.56	0.186
29.57	0.21
29.58	0.22
29.59	0.219
29.6	0.213
29.61	0.206
29.62	0.205
29.63	0.216
29.64	0.247
29.65	0.298
29.66	0.365
29.67	0.442
29.68	0.521
29.69	0.591
29.7	0.642
29.71	0.669
29.72	0.672
29.73	0.653
29.74	0.616
29.75	0.564
29.76	0.503
29.77	0.434
29.78	0.357
29.79	0.266
29.8	0.166
29.81	0.064
29.82	-0.03
29.83	-0.107
29.84	-0.166
29.85	-0.203
29.86	-0.221
29.87	-0.226
29.88	-0.223
29.89	-0.219
29.9	-0.213
29.91	-0.206
29.92	-0.198
29.93	-0.193
29.94	-0.193
29.95	-0.204
29.96	-0.228
29.97	-0.272
29.98	-0.333
29.99	-0.406
30	-0.477
30.01	-0.538
30.02	-0.585
30.03	-0.619
30.04	-0.64
30.05	-0.651
30.06	-0.651
30.07	-0.64
30.08	-0.618
30.09	-0.583
30.1	-0.535
30.11	-0.479
30.12	-0.423
30.13	-0.376
30.14	-0.34
30.15	-0.308
30.16	-0.276
30.17	-0.242
30.18	-0.211
30.19	-0.185
30.2	-0.166
30.21	-0.155
30.22	-0.151
30.23	-0.151
30.24	-0.153
30.25	-0.153
30.26	-0.151
30.27	-0.146
30.28	-0.138
30.29	-0.125
30.3	-0.103
30.31	-0.066
30.32	-0.012
30.33	0.061
30.34	0.153
30.35	0.259
30.36	0.368
30.37	0.464
30.38	0.539
30.39	0.593
30.4	0.626
30.41	0.644
30.42	0.651
30.43	0.656
30.44	0.66
30.45	0.66
30.46	0.652
30.47	0.629
30.48	0.593
30.49	0.548
30.5	0.5
30.51	0.452
30.52	0.41
30.53	0.376
30.54	0.352
30.55	0.336
30.56	0.327
30.57	0.318
30.58	0.3
30.59	0.266
30.6	0.221
30.61	0.174
30.62	0.137
30.63	0.116
30.64	0.114
30.65	0.13
30.66	0.163
30.67	0.208
30.68	0.259
30.69	0.31
30.7	0.356
30.71	0.39
30.72	0.411
30.73	0.424
30.74	0.435
30.75	0.444
30.76	0.45
30.77	0.447
30.78	0.431
30.79	0.397
30.8	0.338
30.81	0.256
30.82	0.156
30.83	0.046
30.84	-0.067
30.85	-0.172
30.86	-0.263
30.87	-0.333
30.88	-0.384
30.89	-0.42
30.9	-0.443
30.91	-0.454
30.92	-0.454
30.93	-0.443
30.94	-0.423
30.95	-0.4
30.96	-0.377
30.97	-0.356
30.98	-0.337
30.99	-0.319
31	-0.299
31.01	-0.277
31.02	-0.249
31.03	-0.218
31.04	-0.186
31.05	-0.157
31.06	-0.13
31.07	-0.107
31.08	-0.086
31.09	-0.067
31.1	-0.046
31.11	-0.023
31.12	0.001
31.13	0.021
31.14	0.031
31.15	0.033
31.16	0.031
31.17	0.03
31.18	0.033
31.19	0.038
31.2	0.04
31.21	0.039
31.22	0.033
31.23	0.022
31.24	0.009
31.25	0.006
31.26	0.02
31.27	0.056
31.28	0.109
31.29	0.171
31.3	0.235
31.31	0.297
31.32	0.352
31.33	0.4
31.34	0.443
31.35	0.486
31.36	0.53
31.37	0.572
31.38	0.607
31.39	0.63
31.4	0.638
31.41	0.63
31.42	0.606
31.43	0.57
31.44	0.527
31.45	0.48
31.46	0.425
31.47	0.354
31.48	0.264
31.49	0.162
31.5	0.062
31.51	-0.022
31.52	-0.087
31.53	-0.132
31.54	-0.16
31.55	-0.173
31.56	-0.175
31.57	-0.167
31.58	-0.155
31.59	-0.145
31.6	-0.142
31.61	-0.147
31.62	-0.157
31.63	-0.17
31.64	-0.186
31.65	-0.205
31.66	-0.228
31.67	-0.255
31.68	-0.279
31.69	-0.297
31.7	-0.306
31.71	-0.31
31.72	-0.313
31.73	-0.317
31.74	-0.324
31.75	-0.334
31.76	-0.348
31.77	-0.369
31.78	-0.397
31.79	-0.43
31.8	-0.464
31.81	-0.491
31.82	-0.508
31.83	-0.515
31.84	-0.514
31.85	-0.506
31.86	-0.493
31.87	-0.473
31.88	-0.449
31.89	-0.421
31.9	-0.392
31.91	-0.362
31.92	-0.331
31.93	-0.3
31.94	-0.267
31.95	-0.23
31.96	-0.186
31.97	-0.134
31.98	-0.081
31.99	-0.035
32	0.001
32.01	0.03
32.02	0.056
32.03	0.087
32.04	0.122
32.05	0.162
32.06	0.205
32.07	0.247
32.08	0.284
32.09	0.31
32.1	0.327
32.11	0.337
32.12	0.342
32.13	0.34
32.14	0.329
32.15	0.306
32.16	0.274
32.17	0.245
32.18	0.226
32.19	0.222
32.2	0.234
32.21	0.26
32.22	0.293
32.23	0.324
32.24	0.346
32.25	0.354
32.26	0.35
32.27	0.337
32.28	0.321
32.29	0.312
32.3	0.318
32.31	0.339
32.32	0.373
32.33	0.413
32.34	0.453
32.35	0.491
32.36	0.523
32.37	0.55
32.38	0.572
32.39	0.591
32.4	0.608
32.41	0.619
32.42	0.623
32.43	0.615
32.44	0.59
32.45	0.542
32.46	0.469
32.47	0.374
32.48	0.26
32.49	0.135
32.5	0.009
32.51	-0.104
32.52	-0.196
32.53	-0.264
32.54	-0.308
32.55	-0.331
32.56	-0.337
32.57	-0.331
32.58	-0.319
32.59	-0.304
32.6	-0.29
32.61	-0.28
32.62	-0.27
32.63	-0.252
32.64	-0.223
32.65	-0.183
32.66	-0.141
32.67	-0.102
32.68	-0.071
32.69	-0.05
32.7	-0.035
32.71	-0.028
32.72	-0.027
32.73	-0.03
32.74	-0.035
32.75	-0.041
32.76	-0.046
32.77	-0.047
32.78	-0.042
32.79	-0.029
32.8	-0.009
32.81	0.013
32.82	0.031
32.83	0.041
32.84	0.043
32.85	0.037
32.86	0.026
32.87	0.015
32.88	0.009
32.89	0.012
32.9	0.021
32.91	0.035
32.92	0.051
32.93	0.075
32.94	0.11
32.95	0.155
32.96	0.201
32.97	0.24
32.98	0.264
32.99	0.271
33	0.262
33.01	0.243
33.02	0.219
33.03	0.2
33.04	0.188
33.05	0.175
33.06	0.151
33.07	0.112
33.08	0.065
33.09	0.022
33.1	-0.009
33.11	-0.021
33.12	-0.009
33.13	0.024
33.14	0.072
33.15	0.122
33.16	0.167
33.17	0.203
33.18	0.234
33.19	0.262
33.2	0.286
33.21	0.303
33.22	0.312
33.23	0.311
33.24	0.3
33.25	0.281
33.26	0.259
33.27	0.243
33.28	0.24
33.29	0.255
33.3	0.29
33.31	0.343
33.32	0.407
33.33	0.469
33.34	0.518
33.35	0.55
33.36	0.568
33.37	0.575
33.38	0.574
33.39	0.567
33.4	0.554
33.41	0.534
33.42	0.51
33.43	0.482
33.44	0.447
33.45	0.401
33.46	0.341
33.47	0.263
33.48	0.166
33.49	0.05
33.5	-0.077
33.51	-0.199
33.52	-0.299
33.53	-0.371
33.54	-0.419
33.55	-0.455
33.56	-0.483
33.57	-0.502
33.58	-0.508
33.59	-0.504
33.6	-0.504
33.61	-0.525
33.62	-0.576
33.63	-0.654
33.64	-0.752
33.65	-0.861
33.66	-0.971
33.67	-1.074
33.68	-1.162
33.69	-1.23
33.7	-1.273
33.71	-1.291
33.72	-1.289
33.73	-1.275
33.74	-1.255
33.75	-1.231
33.76	-1.204
33.77	-1.175
33.78	-1.148
33.79	-1.131
33.8	-1.125
33.81	-1.129
33.82	-1.137
33.83	-1.143
33.84	-1.142
33.85	-1.131
33.86	-1.108
33.87	-1.072
33.88	-1.026
33.89	-0.971
33.9	-0.907
33.91	-0.833
33.92	-0.748
33.93	-0.653
33.94	-0.549
33.95	-0.439
33.96	-0.326
33.97	-0.216
33.98	-0.116
33.99	-0.026
34	0.056
34.01	0.134
34.02	0.207
34.03	0.273
34.04	0.332
34.05	0.38
34.06	0.418
34.07	0.444
34.08	0.463
34.09	0.48
34.1	0.501
34.11	0.529
34.12	0.563
34.13	0.598
34.14	0.634
34.15	0.669
34.16	0.703
34.17	0.734
34.18	0.757
34.19	0.768
34.2	0.764
34.21	0.742
34.22	0.703
34.23	0.648
34.24	0.582
34.25	0.509
34.26	0.434
34.27	0.357
34.28	0.278
34.29	0.198
34.3	0.122
34.31	0.056
34.32	0.003
34.33	-0.038
34.34	-0.071
34.35	-0.099
34.36	-0.122
34.37	-0.136
34.38	-0.141
34.39	-0.136
34.4	-0.125
34.41	-0.108
34.42	-0.083
34.43	-0.044
34.44	0.015
34.45	0.098
34.46	0.211
34.47	0.354
34.48	0.514
34.49	0.665
34.5	0.79
34.51	0.878
34.52	0.93
34.53	0.953
34.54	0.948
34.55	0.914
34.56	0.855
34.57	0.775
34.58	0.689
34.59	0.609
34.6	0.539
34.61	0.476
34.62	0.412
34.63	0.345
34.64	0.277
34.65	0.21
34.66	0.147
34.67	0.093
34.68	0.049
34.69	0.016
34.7	-0.006
34.71	-0.022
34.72	-0.034
34.73	-0.043
34.74	-0.05
34.75	-0.055
34.76	-0.058
34.77	-0.061
34.78	-0.065
34.79	-0.075
34.8	-0.097
34.81	-0.135
34.82	-0.184
34.83	-0.241
34.84	-0.299
34.85	-0.354
34.86	-0.4
34.87	-0.433
34.88	-0.45
34.89	-0.45
34.9	-0.431
34.91	-0.397
34.92	-0.357
34.93	-0.319
34.94	-0.287
34.95	-0.258
34.96	-0.232
34.97	-0.204
34.98	-0.171
34.99	-0.13
35	-0.081
35.01	-0.027
35.02	0.029
35.03	0.084
35.04	0.134
35.05	0.18
35.06	0.221
35.07	0.259
35.08	0.296
35.09	0.336
35.1	0.379
35.11	0.427
35.12	0.479
35.13	0.532
35.14	0.579
35.15	0.617
35.16	0.643
35.17	0.654
35.18	0.651
35.19	0.635
35.2	0.608
35.21	0.572
35.22	0.529
35.23	0.478
35.24	0.42
35.25	0.361
35.26	0.308
35.27	0.265
35.28	0.234
35.29	0.217
35.3	0.211
35.31	0.213
35.32	0.217
35.33	0.219
35.34	0.216
35.35	0.206
35.36	0.191
35.37	0.172
35.38	0.15
35.39	0.128
35.4	0.104
35.41	0.074
35.42	0.036
35.43	-0.01
35.44	-0.062
35.45	-0.114
35.46	-0.163
35.47	-0.201
35.48	-0.226
35.49	-0.236
35.5	-0.237
35.51	-0.236
35.52	-0.237
35.53	-0.24
35.54	-0.245
35.55	-0.251
35.56	-0.255
35.57	-0.258
35.58	-0.255
35.59	-0.242
35.6	-0.213
35.61	-0.167
35.62	-0.111
35.63	-0.053
35.64	0
35.65	0.048
35.66	0.097
35.67	0.144
35.68	0.185
35.69	0.212
35.7	0.221
35.71	0.216
35.72	0.207
35.73	0.198
35.74	0.188
35.75	0.172
35.76	0.144
35.77	0.103
35.78	0.045
35.79	-0.027
35.8	-0.112
35.81	-0.203
35.82	-0.295
35.83	-0.384
35.84	-0.465
35.85	-0.535
35.86	-0.592
35.87	-0.636
35.88	-0.666
35.89	-0.682
35.9	-0.681
35.91	-0.664
35.92	-0.634
35.93	-0.596
35.94	-0.553
35.95	-0.507
35.96	-0.453
35.97	-0.388
35.98	-0.315
35.99	-0.243
36	-0.18
36.01	-0.131
36.02	-0.098
36.03	-0.08
36.04	-0.079
36.05	-0.094
36.06	-0.128
36.07	-0.174
36.08	-0.227
36.09	-0.28
36.1	-0.327
36.11	-0.37
36.12	-0.409
36.13	-0.442
36.14	-0.467
36.15	-0.483
36.16	-0.487
36.17	-0.482
36.18	-0.467
36.19	-0.445
36.2	-0.42
36.21	-0.396
36.22	-0.375
36.23	-0.361
36.24	-0.358
36.25	-0.363
36.26	-0.375
36.27	-0.387
36.28	-0.394
36.29	-0.392
36.3	-0.377
36.31	-0.348
36.32	-0.316
36.33	-0.291
36.34	-0.281
36.35	-0.288
36.36	-0.31
36.37	-0.343
36.38	-0.382
36.39	-0.419
36.4	-0.448
36.41	-0.463
36.42	-0.459
36.43	-0.433
36.44	-0.382
36.45	-0.307
36.46	-0.211
36.47	-0.101
36.48	0.01
36.49	0.115
36.5	0.214
36.51	0.31
36.52	0.404
36.53	0.488
36.54	0.549
36.55	0.577
36.56	0.573
36.57	0.541
36.58	0.491
36.59	0.434
36.6	0.385
36.61	0.356
36.62	0.352
36.63	0.376
36.64	0.426
36.65	0.488
36.66	0.546
36.67	0.585
36.68	0.606
36.69	0.617
36.7	0.628
36.71	0.643
36.72	0.658
36.73	0.671
36.74	0.678
36.75	0.678
36.76	0.668
36.77	0.645
36.78	0.598
36.79	0.521
36.8	0.416
36.81	0.298
36.82	0.184
36.83	0.083
36.84	-0.003
36.85	-0.077
36.86	-0.14
36.87	-0.195
36.88	-0.246
36.89	-0.294
36.9	-0.338
36.91	-0.374
36.92	-0.397
36.93	-0.397
36.94	-0.363
36.95	-0.292
36.96	-0.19
36.97	-0.071
36.98	0.055
36.99	0.177
37	0.289
37.01	0.385
37.02	0.459
37.03	0.508
37.04	0.53
37.05	0.532
37.06	0.522
37.07	0.508
37.08	0.49
37.09	0.468
37.1	0.438
37.11	0.397
37.12	0.344
37.13	0.276
37.14	0.198
37.15	0.114
37.16	0.029
37.17	-0.05
37.18	-0.117
37.19	-0.167
37.2	-0.201
37.21	-0.222
37.22	-0.235
37.23	-0.243
37.24	-0.248
37.25	-0.249
37.26	-0.249
37.27	-0.253
37.28	-0.263
37.29	-0.282
37.3	-0.307
37.31	-0.332
37.32	-0.356
37.33	-0.382
37.34	-0.412
37.35	-0.444
37.36	-0.471
37.37	-0.484
37.38	-0.478
37.39	-0.462
37.4	-0.446
37.41	-0.436
37.42	-0.425
37.43	-0.402
37.44	-0.362
37.45	-0.309
37.46	-0.253
37.47	-0.203
37.48	-0.165
37.49	-0.147
37.5	-0.147
37.51	-0.161
37.52	-0.178
37.53	-0.19
37.54	-0.198
37.55	-0.209
37.56	-0.227
37.57	-0.249
37.58	-0.265
37.59	-0.264
37.6	-0.242
37.61	-0.199
37.62	-0.136
37.63	-0.057
37.64	0.03
37.65	0.12
37.66	0.202
37.67	0.265
37.68	0.297
37.69	0.3
37.7	0.284
37.71	0.261
37.72	0.239
37.73	0.221
37.74	0.206
37.75	0.195
37.76	0.19
37.77	0.194
37.78	0.205
37.79	0.218
37.8	0.228
37.81	0.231
37.82	0.221
37.83	0.194
37.84	0.151
37.85	0.091
37.86	0.017
37.87	-0.065
37.88	-0.148
37.89	-0.22
37.9	-0.275
37.91	-0.308
37.92	-0.316
37.93	-0.3
37.94	-0.261
37.95	-0.202
37.96	-0.129
37.97	-0.05
37.98	0.024
37.99	0.084
38	0.128
38.01	0.159
38.02	0.178
38.03	0.182
38.04	0.171
38.05	0.144
38.06	0.106
38.07	0.068
38.08	0.036
38.09	0.014
38.1	-0.002
38.11	-0.012
38.12	-0.023
38.13	-0.038
38.14	-0.061
38.15	-0.09
38.16	-0.126
38.17	-0.163
38.18	-0.202
38.19	-0.246
38.2	-0.297
38.21	-0.351
38.22	-0.398
38.23	-0.426
38.24	-0.432
38.25	-0.419
38.26	-0.392
38.27	-0.359
38.28	-0.329
38.29	-0.313
38.3	-0.314
38.31	-0.323
38.32	-0.332
38.33	-0.336
38.34	-0.334
38.35	-0.328
38.36	-0.319
38.37	-0.308
38.38	-0.295
38.39	-0.278
38.4	-0.254
38.41	-0.22
38.42	-0.174
38.43	-0.113
38.44	-0.039
38.45	0.048
38.46	0.145
38.47	0.248
38.48	0.352
38.49	0.445
38.5	0.517
38.51	0.559
38.52	0.578
38.53	0.591
38.54	0.61
38.55	0.634
38.56	0.656
38.57	0.667
38.58	0.666
38.59	0.657
38.6	0.646
38.61	0.636
38.62	0.626
38.63	0.616
38.64	0.606
38.65	0.593
38.66	0.576
38.67	0.551
38.68	0.518
38.69	0.475
38.7	0.424
38.71	0.373
38.72	0.329
38.73	0.294
38.74	0.27
38.75	0.256
38.76	0.249
38.77	0.253
38.78	0.266
38.79	0.287
38.8	0.307
38.81	0.317
38.82	0.314
38.83	0.299
38.84	0.276
38.85	0.248
38.86	0.213
38.87	0.168
38.88	0.112
38.89	0.045
38.9	-0.031
38.91	-0.115
38.92	-0.199
38.93	-0.275
38.94	-0.34
38.95	-0.393
38.96	-0.438
38.97	-0.476
38.98	-0.511
38.99	-0.545
39	-0.578
39.01	-0.61
39.02	-0.636
39.03	-0.654
39.04	-0.66
39.05	-0.649
39.06	-0.621
39.07	-0.578
39.08	-0.526
39.09	-0.47
39.1	-0.413
39.11	-0.355
39.12	-0.297
39.13	-0.234
39.14	-0.16
39.15	-0.072
39.16	0.024
39.17	0.116
39.18	0.195
39.19	0.257
39.2	0.306
39.21	0.345
39.22	0.373
39.23	0.384
39.24	0.372
39.25	0.333
39.26	0.265
39.27	0.166
39.28	0.043
39.29	-0.088
39.3	-0.215
39.31	-0.326
39.32	-0.416
39.33	-0.483
39.34	-0.526
39.35	-0.551
39.36	-0.562
39.37	-0.561
39.38	-0.542
39.39	-0.502
39.4	-0.438
39.41	-0.356
39.42	-0.262
39.43	-0.162
39.44	-0.06
39.45	0.04
39.46	0.136
39.47	0.221
39.48	0.29
39.49	0.342
39.5	0.381
39.51	0.411
39.52	0.435
39.53	0.45
39.54	0.448
39.55	0.426
39.56	0.387
39.57	0.34
39.58	0.289
39.59	0.239
39.6	0.188
39.61	0.139
39.62	0.093
39.63	0.054
39.64	0.024
39.65	0.004
39.66	-0.008
39.67	-0.013
39.68	-0.013
39.69	-0.01
39.7	-0.004
39.71	0.003
39.72	0.008
39.73	0.009
39.74	0.006
39.75	-0.001
39.76	-0.009
39.77	-0.013
39.78	-0.005
39.79	0.021
39.8	0.064
39.81	0.115
39.82	0.162
39.83	0.199
39.84	0.222
39.85	0.229
39.86	0.222
39.87	0.209
39.88	0.197
39.89	0.187
39.9	0.179
39.91	0.17
39.92	0.159
39.93	0.145
39.94	0.128
39.95	0.111
39.96	0.098
39.97	0.091
39.98	0.093
39.99	0.103
