250	0.7
250.01	0.694
250.02	0.679
250.03	0.66
250.04	0.639
250.05	0.618
250.06	0.595
250.07	0.567
250.08	0.529
250.09	0.478
250.1	0.419
250.11	0.355
250.12	0.294
250.13	0.237
250.14	0.187
250.15	0.144
250.16	0.108
250.17	0.079
250.18	0.056
250.19	0.04
250.2	0.033
250.21	0.034
250.22	0.038
250.23	0.035
250.24	0.02
250.25	-0.007
250.26	-0.035
250.27	-0.057
250.28	-0.069
250.29	-0.076
250.3	-0.08
250.31	-0.085
250.32	-0.093
250.33	-0.103
250.34	-0.117
250.35	-0.137
250.36	-0.162
250.37	-0.193
250.38	-0.231
250.39	-0.275
250.4	-0.324
250.41	-0.381
250.42	-0.444
250.43	-0.51
250.44	-0.572
250.45	-0.622
250.46	-0.659
250.47	-0.69
250.48	-0.725
250.49	-0.768
250.5	-0.818
250.51	-0.872
250.52	-0.927
250.53	-0.986
250.54	-1.053
250.55	-1.127
250.56	-1.197
250.57	-1.252
250.58	-1.287
250.59	-1.306
250.6	-1.315
250.61	-1.317
250.62	-1.303
250.63	-1.262
250.64	-1.191
250.65	-1.095
250.66	-0.985
250.67	-0.867
250.68	-0.74
250.69	-0.602
250.7	-0.451
250.71	-0.295
250.72	-0.142
250.73	-0.003
250.74	0.115
250.75	0.203
250.76	0.258
250.77	0.283
250.78	0.287
250.79	0.278
250.8	0.258
250.81	0.229
250.82	0.19
250.83	0.144
250.84	0.096
250.85	0.052
250.86	0.01
250.87	-0.032
250.88	-0.078
250.89	-0.131
250.9	-0.193
250.91	-0.266
250.92	-0.344
250.93	-0.417
250.94	-0.475
250.95	-0.511
250.96	-0.522
250.97	-0.509
250.98	-0.473
250.99	-0.421
251	-0.358
251.01	-0.289
251.02	-0.216
251.03	-0.141
251.04	-0.068
251.05	-0.007
251.06	0.031
251.07	0.039
251.08	0.015
251.09	-0.04
251.1	-0.123
251.11	-0.234
251.12	-0.373
251.13	-0.535
251.14	-0.716
251.15	-0.905
251.16	-1.094
251.17	-1.271
251.18	-1.425
251.19	-1.548
251.2	-1.637
251.21	-1.694
251.22	-1.723
251.23	-1.727
251.24	-1.707
251.25	-1.666
251.26	-1.611
251.27	-1.552
251.28	-1.497
251.29	-1.447
251.3	-1.395
251.31	-1.332
251.32	-1.259
251.33	-1.179
251.34	-1.1
251.35	-1.026
251.36	-0.957
251.37	-0.894
251.38	-0.836
251.39	-0.784
251.4	-0.738
251.41	-0.7
251.42	-0.673
251.43	-0.659
251.44	-0.662
251.45	-0.683
251.46	-0.722
251.47	-0.777
251.48	-0.838
251.49	-0.895
251.5	-0.941
251.51	-0.977
251.52	-1.007
251.53	-1.033
251.54	-1.05
251.55	-1.053
251.56	-1.038
251.57	-1.002
251.58	-0.946
251.59	-0.87
251.6	-0.778
251.61	-0.673
251.62	-0.562
251.63	-0.448
251.64	-0.338
251.65	-0.238
251.66	-0.148
251.67	-0.07
251.68	-0.002
251.69	0.053
251.7	0.092
251.71	0.114
251.72	0.119
251.73	0.112
251.74	0.095
251.75	0.072
251.76	0.044
251.77	0.013
251.78	-0.021
251.79	-0.058
251.8	-0.099
251.81	-0.142
251.82	-0.183
251.83	-0.218
251.84	-0.242
251.85	-0.254
251.86	-0.25
251.87	-0.232
251.88	-0.202
251.89	-0.166
251.9	-0.127
251.91	-0.088
251.92	-0.054
251.93	-0.028
251.94	-0.014
251.95	-0.016
251.96	-0.032
251.97	-0.056
251.98	-0.077
251.99	-0.088
252	-0.082
252.01	-0.055
252.02	-0.007
252.03	0.053
252.04	0.112
252.05	0.167
252.06	0.221
252.07	0.287
252.08	0.37
252.09	0.463
252.1	0.553
252.11	0.632
252.12	0.697
252.13	0.756
252.14	0.815
252.15	0.873
252.16	0.928
252.17	0.975
252.18	1.01
252.19	1.032
252.2	1.038
252.21	1.026
252.22	0.994
252.23	0.942
252.24	0.873
252.25	0.794
252.26	0.713
252.27	0.638
252.28	0.575
252.29	0.528
252.3	0.499
252.31	0.484
252.32	0.48
252.33	0.479
252.34	0.476
252.35	0.462
252.36	0.438
252.37	0.41
252.38	0.388
252.39	0.376
252.4	0.373
252.41	0.376
252.42	0.383
252.43	0.393
252.44	0.404
252.45	0.417
252.46	0.435
252.47	0.46
252.48	0.493
252.49	0.533
252.5	0.578
252.51	0.627
252.52	0.675
252.53	0.721
252.54	0.763
252.55	0.799
252.56	0.828
252.57	0.848
252.58	0.857
252.59	0.855
252.6	0.842
252.61	0.82
252.62	0.792
252.63	0.763
252.64	0.73
252.65	0.693
252.66	0.649
252.67	0.602
252.68	0.558
252.69	0.52
252.7	0.49
252.71	0.466
252.72	0.446
252.73	0.432
252.74	0.427
252.75	0.437
252.76	0.459
252.77	0.485
252.78	0.509
252.79	0.528
252.8	0.542
252.81	0.555
252.82	0.566
252.83	0.57
252.84	0.563
252.85	0.542
252.86	0.509
252.87	0.464
252.88	0.41
252.89	0.351
252.9	0.29
252.91	0.231
252.92	0.18
252.93	0.143
252.94	0.122
252.95	0.113
252.96	0.112
252.97	0.118
252.98	0.131
252.99	0.154
253	0.186
253.01	0.225
253.02	0.265
253.03	0.304
253.04	0.339
253.05	0.373
253.06	0.402
253.07	0.417
253.08	0.408
253.09	0.371
253.1	0.316
253.11	0.256
253.12	0.201
253.13	0.154
253.14	0.115
253.15	0.083
253.16	0.058
253.17	0.043
253.18	0.038
253.19	0.041
253.2	0.049
253.21	0.058
253.22	0.061
253.23	0.05
253.24	0.023
253.25	-0.015
253.26	-0.054
253.27	-0.082
253.28	-0.092
253.29	-0.083
253.3	-0.055
253.31	-0.01
253.32	0.048
253.33	0.115
253.34	0.189
253.35	0.273
253.36	0.37
253.37	0.478
253.38	0.587
253.39	0.688
253.4	0.772
253.41	0.829
253.42	0.853
253.43	0.842
253.44	0.805
253.45	0.751
253.46	0.69
253.47	0.627
253.48	0.567
253.49	0.511
253.5	0.462
253.51	0.417
253.52	0.374
253.53	0.322
253.54	0.253
253.55	0.162
253.56	0.058
253.57	-0.046
253.58	-0.138
253.59	-0.207
253.6	-0.241
253.61	-0.239
253.62	-0.208
253.63	-0.161
253.64	-0.107
253.65	-0.052
253.66	0.004
253.67	0.059
253.68	0.112
253.69	0.162
253.7	0.206
253.71	0.237
253.72	0.246
253.73	0.231
253.74	0.194
253.75	0.142
253.76	0.083
253.77	0.023
253.78	-0.037
253.79	-0.094
253.8	-0.145
253.81	-0.184
253.82	-0.206
253.83	-0.209
253.84	-0.192
253.85	-0.154
253.86	-0.102
253.87	-0.042
253.88	0.018
253.89	0.072
253.9	0.116
253.91	0.148
253.92	0.167
253.93	0.171
253.94	0.16
253.95	0.135
253.96	0.102
253.97	0.067
253.98	0.033
253.99	-0.006
254	-0.057
254.01	-0.123
254.02	-0.207
254.03	-0.305
254.04	-0.416
254.05	-0.533
254.06	-0.648
254.07	-0.755
254.08	-0.842
254.09	-0.899
254.1	-0.923
254.11	-0.919
254.12	-0.896
254.13	-0.865
254.14	-0.833
254.15	-0.803
254.16	-0.778
254.17	-0.754
254.18	-0.726
254.19	-0.689
254.2	-0.642
254.21	-0.585
254.22	-0.52
254.23	-0.45
254.24	-0.378
254.25	-0.309
254.26	-0.246
254.27	-0.192
254.28	-0.151
254.29	-0.117
254.3	-0.088
254.31	-0.058
254.32	-0.029
254.33	-0.006
254.34	0.008
254.35	0.011
254.36	0.002
254.37	-0.019
254.38	-0.053
254.39	-0.103
254.4	-0.169
254.41	-0.246
254.42	-0.318
254.43	-0.373
254.44	-0.408
254.45	-0.427
254.46	-0.441
254.47	-0.451
254.48	-0.456
254.49	-0.452
254.5	-0.436
254.51	-0.401
254.52	-0.343
254.53	-0.262
254.54	-0.165
254.55	-0.058
254.56	0.05
254.57	0.148
254.58	0.227
254.59	0.28
254.6	0.3
254.61	0.286
254.62	0.238
254.63	0.164
254.64	0.072
254.65	-0.029
254.66	-0.134
254.67	-0.24
254.68	-0.343
254.69	-0.439
254.7	-0.522
254.71	-0.587
254.72	-0.622
254.73	-0.613
254.74	-0.556
254.75	-0.461
254.76	-0.35
254.77	-0.238
254.78	-0.134
254.79	-0.036
254.8	0.055
254.81	0.141
254.82	0.22
254.83	0.29
254.84	0.351
254.85	0.403
254.86	0.446
254.87	0.479
254.88	0.494
254.89	0.488
254.9	0.464
254.91	0.426
254.92	0.383
254.93	0.341
254.94	0.306
254.95	0.282
254.96	0.271
254.97	0.271
254.98	0.279
254.99	0.296
255	0.324
255.01	0.367
255.02	0.426
255.03	0.496
255.04	0.573
255.05	0.652
255.06	0.729
255.07	0.803
255.08	0.871
255.09	0.933
255.1	0.987
255.11	1.034
255.12	1.075
255.13	1.113
255.14	1.148
255.15	1.178
255.16	1.2
255.17	1.213
255.18	1.219
255.19	1.222
255.2	1.226
255.21	1.229
255.22	1.231
255.23	1.23
255.24	1.222
255.25	1.205
255.26	1.177
255.27	1.138
255.28	1.09
255.29	1.037
255.3	0.979
255.31	0.919
255.32	0.855
255.33	0.787
255.34	0.71
255.35	0.623
255.36	0.528
255.37	0.428
255.38	0.329
255.39	0.234
255.4	0.147
255.41	0.072
255.42	0.011
255.43	-0.029
255.44	-0.045
255.45	-0.038
255.46	-0.009
255.47	0.037
255.48	0.095
255.49	0.155
255.5	0.212
255.51	0.261
255.52	0.3
255.53	0.331
255.54	0.35
255.55	0.35
255.56	0.323
255.57	0.266
255.58	0.187
255.59	0.095
255.6	-0.001
255.61	-0.098
255.62	-0.19
255.63	-0.274
255.64	-0.342
255.65	-0.386
255.66	-0.405
255.67	-0.405
255.68	-0.397
255.69	-0.387
255.7	-0.38
255.71	-0.377
255.72	-0.379
255.73	-0.386
255.74	-0.396
255.75	-0.406
255.76	-0.413
255.77	-0.411
255.78	-0.4
255.79	-0.385
255.8	-0.374
255.81	-0.373
255.82	-0.39
255.83	-0.428
255.84	-0.487
255.85	-0.562
255.86	-0.644
255.87	-0.726
255.88	-0.803
255.89	-0.874
255.9	-0.938
255.91	-0.994
255.92	-1.043
255.93	-1.085
255.94	-1.119
255.95	-1.143
255.96	-1.157
255.97	-1.161
255.98	-1.159
255.99	-1.153
256	-1.142
256.01	-1.125
256.02	-1.1
256.03	-1.07
256.04	-1.038
256.05	-1.004
256.06	-0.967
256.07	-0.922
256.08	-0.867
256.09	-0.806
256.1	-0.75
256.11	-0.709
256.12	-0.689
256.13	-0.686
256.14	-0.698
256.15	-0.722
256.16	-0.753
256.17	-0.789
256.18	-0.83
256.19	-0.877
256.2	-0.93
256.21	-0.992
256.22	-1.061
256.23	-1.139
256.24	-1.22
256.25	-1.299
256.26	-1.368
256.27	-1.423
256.28	-1.463
256.29	-1.485
256.3	-1.493
256.31	-1.496
256.32	-1.5
256.33	-1.507
256.34	-1.506
256.35	-1.487
256.36	-1.446
256.37	-1.385
256.38	-1.31
256.39	-1.228
256.4	-1.148
256.41	-1.076
256.42	-1.016
256.43	-0.968
256.44	-0.926
256.45	-0.887
256.46	-0.843
256.47	-0.786
256.48	-0.718
256.49	-0.649
256.5	-0.594
256.51	-0.561
256.52	-0.546
256.53	-0.542
256.54	-0.542
256.55	-0.541
256.56	-0.538
256.57	-0.532
256.58	-0.524
256.59	-0.516
256.6	-0.506
256.61	-0.492
256.62	-0.468
256.63	-0.433
256.64	-0.389
256.65	-0.342
256.66	-0.297
256.67	-0.255
256.68	-0.216
256.69	-0.179
256.7	-0.144
256.71	-0.111
256.72	-0.08
256.73	-0.052
256.74	-0.026
256.75	-0.002
256.76	0.023
256.77	0.057
256.78	0.101
256.79	0.152
256.8	0.198
256.81	0.231
256.82	0.253
256.83	0.276
256.84	0.314
256.85	0.367
256.86	0.428
256.87	0.487
256.88	0.54
256.89	0.586
256.9	0.628
256.91	0.666
256.92	0.699
256.93	0.725
256.94	0.742
256.95	0.751
256.96	0.749
256.97	0.738
256.98	0.723
256.99	0.707
257	0.691
257.01	0.672
257.02	0.646
257.03	0.61
257.04	0.565
257.05	0.511
257.06	0.452
257.07	0.395
257.08	0.348
257.09	0.314
257.1	0.296
257.11	0.293
257.12	0.301
257.13	0.312
257.14	0.316
257.15	0.311
257.16	0.3
257.17	0.294
257.18	0.297
257.19	0.313
257.2	0.336
257.21	0.364
257.22	0.392
257.23	0.416
257.24	0.433
257.25	0.441
257.26	0.439
257.27	0.427
257.28	0.409
257.29	0.392
257.3	0.377
257.31	0.364
257.32	0.347
257.33	0.322
257.34	0.29
257.35	0.259
257.36	0.235
257.37	0.219
257.38	0.206
257.39	0.191
257.4	0.174
257.41	0.16
257.42	0.155
257.43	0.162
257.44	0.183
257.45	0.219
257.46	0.267
257.47	0.32
257.48	0.373
257.49	0.42
257.5	0.461
257.51	0.494
257.52	0.519
257.53	0.536
257.54	0.544
257.55	0.543
257.56	0.534
257.57	0.516
257.58	0.489
257.59	0.451
257.6	0.398
257.61	0.333
257.62	0.26
257.63	0.187
257.64	0.12
257.65	0.069
257.66	0.04
257.67	0.036
257.68	0.053
257.69	0.084
257.7	0.125
257.71	0.174
257.72	0.23
257.73	0.294
257.74	0.367
257.75	0.45
257.76	0.545
257.77	0.651
257.78	0.767
257.79	0.889
257.8	1.008
257.81	1.113
257.82	1.196
257.83	1.252
257.84	1.282
257.85	1.287
257.86	1.27
257.87	1.236
257.88	1.187
257.89	1.127
257.9	1.057
257.91	0.979
257.92	0.896
257.93	0.812
257.94	0.731
257.95	0.655
257.96	0.587
257.97	0.528
257.98	0.475
257.99	0.422
258	0.363
258.01	0.298
258.02	0.232
258.03	0.174
258.04	0.129
258.05	0.1
258.06	0.092
258.07	0.101
258.08	0.126
258.09	0.159
258.1	0.197
258.11	0.232
258.12	0.26
258.13	0.277
258.14	0.276
258.15	0.254
258.16	0.21
258.17	0.149
258.18	0.076
258.19	-0.004
258.2	-0.091
258.21	-0.185
258.22	-0.284
258.23	-0.381
258.24	-0.466
258.25	-0.534
258.26	-0.579
258.27	-0.598
258.28	-0.594
258.29	-0.57
258.3	-0.532
258.31	-0.486
258.32	-0.434
258.33	-0.378
258.34	-0.32
258.35	-0.263
258.36	-0.211
258.37	-0.165
258.38	-0.125
258.39	-0.089
258.4	-0.056
258.41	-0.025
258.42	0.003
258.43	0.027
258.44	0.039
258.45	0.03
258.46	-0.003
258.47	-0.057
258.48	-0.122
258.49	-0.191
258.5	-0.257
258.51	-0.317
258.52	-0.369
258.53	-0.409
258.54	-0.435
258.55	-0.442
258.56	-0.43
258.57	-0.401
258.58	-0.356
258.59	-0.298
258.6	-0.229
258.61	-0.154
258.62	-0.075
258.63	-0.002
258.64	0.059
258.65	0.105
258.66	0.135
258.67	0.151
258.68	0.158
258.69	0.167
258.7	0.187
258.71	0.222
258.72	0.264
258.73	0.308
258.74	0.349
258.75	0.382
258.76	0.409
258.77	0.427
258.78	0.434
258.79	0.428
258.8	0.411
258.81	0.388
258.82	0.365
258.83	0.346
258.84	0.334
258.85	0.329
258.86	0.33
258.87	0.328
258.88	0.315
258.89	0.286
258.9	0.241
258.91	0.184
258.92	0.122
258.93	0.065
258.94	0.023
258.95	0.003
258.96	0.003
258.97	0.019
258.98	0.043
258.99	0.063
259	0.065
259.01	0.044
259.02	0.005
259.03	-0.038
259.04	-0.078
259.05	-0.108
259.06	-0.13
259.07	-0.143
259.08	-0.149
259.09	-0.154
259.1	-0.158
259.11	-0.163
259.12	-0.169
259.13	-0.177
259.14	-0.185
259.15	-0.192
259.16	-0.197
259.17	-0.192
259.18	-0.169
259.19	-0.119
259.2	-0.038
259.21	0.072
259.22	0.209
259.23	0.366
259.24	0.537
259.25	0.713
259.26	0.885
259.27	1.046
259.28	1.188
259.29	1.307
259.3	1.401
259.31	1.468
259.32	1.508
259.33	1.521
259.34	1.507
259.35	1.467
259.36	1.408
259.37	1.337
259.38	1.259
259.39	1.182
259.4	1.109
259.41	1.045
259.42	0.987
259.43	0.937
259.44	0.89
259.45	0.847
259.46	0.805
259.47	0.765
259.48	0.737
259.49	0.728
259.5	0.743
259.51	0.776
259.52	0.816
259.53	0.855
259.54	0.888
259.55	0.915
259.56	0.938
259.57	0.956
259.58	0.966
259.59	0.969
259.6	0.964
259.61	0.955
259.62	0.943
259.63	0.93
259.64	0.919
259.65	0.909
259.66	0.896
259.67	0.87
259.68	0.828
259.69	0.772
259.7	0.707
259.71	0.641
259.72	0.577
259.73	0.513
259.74	0.447
259.75	0.38
259.76	0.311
259.77	0.242
259.78	0.172
259.79	0.096
259.8	0.011
259.81	-0.077
259.82	-0.161
259.83	-0.228
259.84	-0.272
259.85	-0.29
259.86	-0.282
259.87	-0.251
259.88	-0.206
259.89	-0.155
259.9	-0.104
259.91	-0.055
259.92	-0.01
259.93	0.026
259.94	0.043
259.95	0.029
259.96	-0.019
259.97	-0.096
259.98	-0.191
259.99	-0.297
260	-0.415
260.01	-0.546
260.02	-0.69
260.03	-0.844
260.04	-0.999
260.05	-1.152
260.06	-1.298
260.07	-1.436
260.08	-1.563
260.09	-1.681
260.1	-1.789
260.11	-1.885
260.12	-1.957
260.13	-1.986
260.14	-1.964
260.15	-1.893
260.16	-1.789
260.17	-1.666
260.18	-1.533
260.19	-1.393
260.2	-1.247
260.21	-1.095
260.22	-0.936
260.23	-0.769
260.24	-0.599
260.25	-0.434
260.26	-0.283
260.27	-0.153
260.28	-0.051
260.29	0.019
260.3	0.056
260.31	0.061
260.32	0.036
260.33	-0.011
260.34	-0.073
260.35	-0.14
260.36	-0.206
260.37	-0.265
260.38	-0.317
260.39	-0.36
260.4	-0.398
260.41	-0.435
260.42	-0.473
260.43	-0.509
260.44	-0.542
260.45	-0.57
260.46	-0.588
260.47	-0.595
260.48	-0.592
260.49	-0.581
260.5	-0.567
260.51	-0.554
260.52	-0.547
260.53	-0.549
260.54	-0.56
260.55	-0.574
260.56	-0.587
260.57	-0.596
260.58	-0.607
260.59	-0.627
260.6	-0.66
260.61	-0.709
260.62	-0.773
260.63	-0.846
260.64	-0.92
260.65	-0.983
260.66	-1.029
260.67	-1.062
260.68	-1.091
260.69	-1.121
260.7	-1.152
260.71	-1.182
260.72	-1.207
260.73	-1.219
260.74	-1.211
260.75	-1.179
260.76	-1.13
260.77	-1.073
260.78	-1.019
260.79	-0.971
260.8	-0.929
260.81	-0.892
260.82	-0.857
260.83	-0.824
260.84	-0.792
260.85	-0.763
260.86	-0.741
260.87	-0.729
260.88	-0.728
260.89	-0.738
260.9	-0.757
260.91	-0.784
260.92	-0.819
260.93	-0.862
260.94	-0.909
260.95	-0.958
260.96	-1.004
260.97	-1.041
260.98	-1.062
260.99	-1.059
261	-1.032
261.01	-0.99
261.02	-0.944
261.03	-0.901
261.04	-0.859
261.05	-0.814
261.06	-0.765
261.07	-0.72
261.08	-0.687
261.09	-0.671
261.1	-0.667
261.11	-0.664
261.12	-0.656
261.13	-0.636
261.14	-0.597
261.15	-0.536
261.16	-0.453
261.17	-0.352
261.18	-0.241
261.19	-0.127
261.2	-0.021
261.21	0.068
261.22	0.134
261.23	0.173
261.24	0.186
261.25	0.175
261.26	0.147
261.27	0.108
261.28	0.065
261.29	0.021
261.3	-0.021
261.31	-0.057
261.32	-0.082
261.33	-0.086
261.34	-0.068
261.35	-0.028
261.36	0.031
261.37	0.104
261.38	0.183
261.39	0.259
261.4	0.327
261.41	0.388
261.42	0.444
261.43	0.494
261.44	0.532
261.45	0.549
261.46	0.539
261.47	0.5
261.48	0.435
261.49	0.348
261.5	0.25
261.51	0.15
261.52	0.058
261.53	-0.021
261.54	-0.09
261.55	-0.149
261.56	-0.201
261.57	-0.251
261.58	-0.301
261.59	-0.349
261.6	-0.39
261.61	-0.419
261.62	-0.436
261.63	-0.444
261.64	-0.45
261.65	-0.457
261.66	-0.466
261.67	-0.48
261.68	-0.497
261.69	-0.517
261.7	-0.539
261.71	-0.559
261.72	-0.573
261.73	-0.574
261.74	-0.561
261.75	-0.537
261.76	-0.506
261.77	-0.473
261.78	-0.44
261.79	-0.408
261.8	-0.377
261.81	-0.347
261.82	-0.316
261.83	-0.286
261.84	-0.258
261.85	-0.237
261.86	-0.222
261.87	-0.203
261.88	-0.171
261.89	-0.122
261.9	-0.062
261.91	-0.004
261.92	0.044
261.93	0.076
261.94	0.093
261.95	0.094
261.96	0.085
261.97	0.072
261.98	0.061
261.99	0.055
262	0.058
262.01	0.072
262.02	0.1
262.03	0.141
262.04	0.195
262.05	0.255
262.06	0.311
262.07	0.355
262.08	0.387
262.09	0.41
262.1	0.429
262.11	0.449
262.12	0.479
262.13	0.522
262.14	0.582
262.15	0.659
262.16	0.751
262.17	0.847
262.18	0.934
262.19	1
262.2	1.043
262.21	1.068
262.22	1.085
262.23	1.102
262.24	1.129
262.25	1.174
262.26	1.237
262.27	1.31
262.28	1.384
262.29	1.454
262.3	1.517
262.31	1.572
262.32	1.616
262.33	1.647
262.34	1.663
262.35	1.663
262.36	1.645
262.37	1.611
262.38	1.561
262.39	1.5
262.4	1.43
262.41	1.354
262.42	1.268
262.43	1.167
262.44	1.054
262.45	0.935
262.46	0.819
262.47	0.712
262.48	0.616
262.49	0.529
262.5	0.45
262.51	0.379
262.52	0.321
262.53	0.276
262.54	0.246
262.55	0.231
262.56	0.227
262.57	0.228
262.58	0.224
262.59	0.208
262.6	0.179
262.61	0.14
262.62	0.091
262.63	0.037
262.64	-0.022
262.65	-0.083
262.66	-0.145
262.67	-0.205
262.68	-0.261
262.69	-0.309
262.7	-0.342
262.71	-0.358
262.72	-0.356
262.73	-0.341
262.74	-0.317
262.75	-0.286
262.76	-0.244
262.77	-0.194
262.78	-0.142
262.79	-0.096
262.8	-0.064
262.81	-0.041
262.82	-0.017
262.83	0.017
262.84	0.066
262.85	0.127
262.86	0.196
262.87	0.263
262.88	0.318
262.89	0.353
262.9	0.366
262.91	0.366
262.92	0.363
262.93	0.36
262.94	0.36
262.95	0.363
262.96	0.363
262.97	0.349
262.98	0.313
262.99	0.252
263	0.175
263.01	0.091
263.02	0.012
263.03	-0.052
263.04	-0.09
263.05	-0.097
263.06	-0.078
263.07	-0.038
263.08	0.016
263.09	0.079
263.1	0.143
263.11	0.207
263.12	0.271
263.13	0.338
263.14	0.409
263.15	0.484
263.16	0.561
263.17	0.638
263.18	0.713
263.19	0.78
263.2	0.838
263.21	0.886
263.22	0.926
263.23	0.956
263.24	0.972
263.25	0.966
263.26	0.932
263.27	0.867
263.28	0.768
263.29	0.637
263.3	0.479
263.31	0.303
263.32	0.118
263.33	-0.065
263.34	-0.236
263.35	-0.388
263.36	-0.518
263.37	-0.624
263.38	-0.708
263.39	-0.77
263.4	-0.813
263.41	-0.837
263.42	-0.843
263.43	-0.83
263.44	-0.799
263.45	-0.755
263.46	-0.707
263.47	-0.664
263.48	-0.628
263.49	-0.594
263.5	-0.557
263.51	-0.514
263.52	-0.468
263.53	-0.422
263.54	-0.378
263.55	-0.333
263.56	-0.283
263.57	-0.228
263.58	-0.175
263.59	-0.13
263.6	-0.094
263.61	-0.063
263.62	-0.029
263.63	0.008
263.64	0.039
263.65	0.048
263.66	0.028
263.67	-0.015
263.68	-0.069
263.69	-0.127
263.7	-0.188
263.71	-0.257
263.72	-0.333
263.73	-0.405
263.74	-0.456
263.75	-0.478
263.76	-0.469
263.77	-0.437
263.78	-0.389
263.79	-0.332
263.8	-0.265
263.81	-0.194
263.82	-0.121
263.83	-0.052
263.84	0.009
263.85	0.059
263.86	0.093
263.87	0.113
263.88	0.125
263.89	0.137
263.9	0.158
263.91	0.19
263.92	0.229
263.93	0.272
263.94	0.314
263.95	0.351
263.96	0.382
263.97	0.407
263.98	0.432
263.99	0.461
264	0.495
264.01	0.526
264.02	0.549
264.03	0.562
264.04	0.57
264.05	0.578
264.06	0.588
264.07	0.597
264.08	0.605
264.09	0.609
264.1	0.614
264.11	0.622
264.12	0.635
264.13	0.653
264.14	0.673
264.15	0.693
264.16	0.709
264.17	0.719
264.18	0.721
264.19	0.719
264.2	0.719
264.21	0.72
264.22	0.717
264.23	0.702
264.24	0.672
264.25	0.63
264.26	0.583
264.27	0.536
264.28	0.494
264.29	0.463
264.3	0.444
264.31	0.437
264.32	0.438
264.33	0.444
264.34	0.456
264.35	0.473
264.36	0.495
264.37	0.516
264.38	0.532
264.39	0.538
264.4	0.532
264.41	0.517
264.42	0.494
264.43	0.468
264.44	0.442
264.45	0.42
264.46	0.398
264.47	0.37
264.48	0.329
264.49	0.279
264.5	0.225
264.51	0.175
264.52	0.128
264.53	0.08
264.54	0.029
264.55	-0.026
264.56	-0.078
264.57	-0.12
264.58	-0.148
264.59	-0.158
264.6	-0.148
264.61	-0.12
264.62	-0.076
264.63	-0.019
264.64	0.05
264.65	0.127
264.66	0.212
264.67	0.303
264.68	0.402
264.69	0.509
264.7	0.62
264.71	0.718
264.72	0.788
264.73	0.824
264.74	0.838
264.75	0.844
264.76	0.849
264.77	0.847
264.78	0.83
264.79	0.797
264.8	0.754
264.81	0.71
264.82	0.67
264.83	0.634
264.84	0.597
264.85	0.556
264.86	0.508
264.87	0.451
264.88	0.382
264.89	0.301
264.9	0.206
264.91	0.099
264.92	-0.014
264.93	-0.126
264.94	-0.228
264.95	-0.32
264.96	-0.399
264.97	-0.466
264.98	-0.521
264.99	-0.563
265	-0.592
265.01	-0.611
265.02	-0.62
265.03	-0.624
265.04	-0.629
265.05	-0.641
265.06	-0.665
265.07	-0.7
265.08	-0.743
265.09	-0.79
265.1	-0.835
265.11	-0.877
265.12	-0.912
265.13	-0.945
265.14	-0.986
265.15	-1.044
265.16	-1.119
265.17	-1.205
265.18	-1.294
265.19	-1.381
265.2	-1.462
265.21	-1.536
265.22	-1.602
265.23	-1.666
265.24	-1.729
265.25	-1.79
265.26	-1.842
265.27	-1.878
265.28	-1.893
265.29	-1.888
265.3	-1.868
265.31	-1.834
265.32	-1.792
265.33	-1.744
265.34	-1.695
265.35	-1.645
265.36	-1.599
265.37	-1.558
265.38	-1.522
265.39	-1.492
265.4	-1.468
265.41	-1.453
265.42	-1.447
265.43	-1.452
265.44	-1.461
265.45	-1.471
265.46	-1.478
265.47	-1.481
265.48	-1.483
265.49	-1.485
265.5	-1.489
265.51	-1.495
265.52	-1.501
265.53	-1.501
265.54	-1.486
265.55	-1.454
265.56	-1.411
265.57	-1.369
265.58	-1.339
265.59	-1.32
265.6	-1.309
265.61	-1.299
265.62	-1.288
265.63	-1.278
265.64	-1.268
265.65	-1.263
265.66	-1.263
265.67	-1.271
265.68	-1.283
265.69	-1.294
265.7	-1.299
265.71	-1.294
265.72	-1.277
265.73	-1.248
265.74	-1.204
265.75	-1.147
265.76	-1.074
265.77	-0.989
265.78	-0.894
265.79	-0.792
265.8	-0.685
265.81	-0.579
265.82	-0.476
265.83	-0.376
265.84	-0.279
265.85	-0.182
265.86	-0.089
265.87	-0.008
265.88	0.05
265.89	0.087
265.9	0.113
265.91	0.142
265.92	0.181
265.93	0.227
265.94	0.273
265.95	0.313
265.96	0.35
265.97	0.388
265.98	0.429
265.99	0.469
266	0.507
266.01	0.54
266.02	0.566
266.03	0.588
266.04	0.604
266.05	0.613
266.06	0.613
266.07	0.603
266.08	0.584
266.09	0.561
266.1	0.537
266.11	0.518
266.12	0.509
266.13	0.515
266.14	0.539
266.15	0.586
266.16	0.656
266.17	0.744
266.18	0.84
266.19	0.933
266.2	1.02
266.21	1.098
266.22	1.166
266.23	1.224
266.24	1.265
266.25	1.288
266.26	1.294
266.27	1.288
266.28	1.274
266.29	1.253
266.3	1.216
266.31	1.157
266.32	1.071
266.33	0.951
266.34	0.799
266.35	0.621
266.36	0.436
266.37	0.265
266.38	0.12
266.39	0.005
266.4	-0.08
266.41	-0.134
266.42	-0.155
266.43	-0.14
266.44	-0.09
266.45	-0.013
266.46	0.084
266.47	0.193
266.48	0.308
266.49	0.427
266.5	0.546
266.51	0.668
266.52	0.795
266.53	0.924
266.54	1.046
266.55	1.15
266.56	1.229
266.57	1.28
266.58	1.307
266.59	1.314
266.6	1.303
266.61	1.278
266.62	1.24
266.63	1.192
266.64	1.134
266.65	1.071
266.66	1.01
266.67	0.959
266.68	0.924
266.69	0.906
266.7	0.901
266.71	0.905
266.72	0.916
266.73	0.93
266.74	0.948
266.75	0.97
266.76	0.997
266.77	1.027
266.78	1.057
266.79	1.076
266.8	1.078
266.81	1.06
266.82	1.029
266.83	0.99
266.84	0.95
266.85	0.915
266.86	0.887
266.87	0.868
266.88	0.857
266.89	0.851
266.9	0.846
266.91	0.836
266.92	0.815
266.93	0.782
266.94	0.741
266.95	0.695
266.96	0.649
266.97	0.601
266.98	0.548
266.99	0.488
267	0.421
267.01	0.348
267.02	0.272
267.03	0.199
267.04	0.137
267.05	0.09
267.06	0.061
267.07	0.048
267.08	0.049
267.09	0.062
267.1	0.084
267.11	0.111
267.12	0.137
267.13	0.155
267.14	0.159
267.15	0.149
267.16	0.126
267.17	0.092
267.18	0.048
267.19	-0.01
267.2	-0.083
267.21	-0.167
267.22	-0.257
267.23	-0.35
267.24	-0.447
267.25	-0.552
267.26	-0.668
267.27	-0.787
267.28	-0.897
267.29	-0.985
267.3	-1.045
267.31	-1.074
267.32	-1.075
267.33	-1.048
267.34	-0.999
267.35	-0.931
267.36	-0.851
267.37	-0.766
267.38	-0.68
267.39	-0.599
267.4	-0.523
267.41	-0.452
267.42	-0.389
267.43	-0.337
267.44	-0.302
267.45	-0.281
267.46	-0.269
267.47	-0.258
267.48	-0.243
267.49	-0.225
267.5	-0.206
267.51	-0.185
267.52	-0.158
267.53	-0.121
267.54	-0.075
267.55	-0.034
267.56	-0.01
267.57	-0.007
267.58	-0.018
267.59	-0.032
267.6	-0.041
267.61	-0.043
267.62	-0.041
267.63	-0.037
267.64	-0.037
267.65	-0.047
267.66	-0.07
267.67	-0.101
267.68	-0.134
267.69	-0.163
267.7	-0.185
267.71	-0.197
267.72	-0.198
267.73	-0.189
267.74	-0.172
267.75	-0.146
267.76	-0.113
267.77	-0.073
267.78	-0.028
267.79	0.024
267.8	0.083
267.81	0.148
267.82	0.221
267.83	0.302
267.84	0.392
267.85	0.482
267.86	0.563
267.87	0.625
267.88	0.662
267.89	0.675
267.9	0.665
267.91	0.632
267.92	0.578
267.93	0.504
267.94	0.418
267.95	0.33
267.96	0.251
267.97	0.185
267.98	0.132
267.99	0.087
268	0.049
268.01	0.018
268.02	-0.007
268.03	-0.025
268.04	-0.04
268.05	-0.056
268.06	-0.072
268.07	-0.091
268.08	-0.111
268.09	-0.131
268.1	-0.151
268.11	-0.17
268.12	-0.188
268.13	-0.203
268.14	-0.216
268.15	-0.224
268.16	-0.225
268.17	-0.217
268.18	-0.198
268.19	-0.173
268.2	-0.145
268.21	-0.117
268.22	-0.093
268.23	-0.078
268.24	-0.071
268.25	-0.065
268.26	-0.055
268.27	-0.037
268.28	-0.016
268.29	-0.002
268.3	-0.001
268.31	-0.019
268.32	-0.055
268.33	-0.112
268.34	-0.185
268.35	-0.272
268.36	-0.368
268.37	-0.468
268.38	-0.57
268.39	-0.669
268.4	-0.764
268.41	-0.854
268.42	-0.938
268.43	-1.016
268.44	-1.088
268.45	-1.151
268.46	-1.198
268.47	-1.219
268.48	-1.206
268.49	-1.157
268.5	-1.074
268.51	-0.962
268.52	-0.829
268.53	-0.686
268.54	-0.542
268.55	-0.404
268.56	-0.275
268.57	-0.157
268.58	-0.046
268.59	0.059
268.6	0.163
268.61	0.263
268.62	0.355
268.63	0.433
268.64	0.491
268.65	0.527
268.66	0.538
268.67	0.527
268.68	0.502
268.69	0.472
268.7	0.445
268.71	0.434
268.72	0.445
268.73	0.48
268.74	0.529
268.75	0.582
268.76	0.63
268.77	0.669
268.78	0.697
268.79	0.715
268.8	0.727
268.81	0.739
268.82	0.754
268.83	0.772
268.84	0.791
268.85	0.808
268.86	0.82
268.87	0.822
268.88	0.813
268.89	0.793
268.9	0.765
268.91	0.729
268.92	0.691
268.93	0.654
268.94	0.618
268.95	0.581
268.96	0.537
268.97	0.483
268.98	0.417
268.99	0.339
269	0.253
269.01	0.174
269.02	0.119
269.03	0.1
269.04	0.11
269.05	0.133
269.06	0.153
269.07	0.164
269.08	0.165
269.09	0.161
269.1	0.153
269.11	0.145
269.12	0.138
269.13	0.132
269.14	0.122
269.15	0.103
269.16	0.078
269.17	0.05
269.18	0.026
269.19	0.004
269.2	-0.017
269.21	-0.045
269.22	-0.077
269.23	-0.11
269.24	-0.137
269.25	-0.156
269.26	-0.173
269.27	-0.195
269.28	-0.222
269.29	-0.249
269.3	-0.269
269.31	-0.277
269.32	-0.275
269.33	-0.264
269.34	-0.247
269.35	-0.226
269.36	-0.202
269.37	-0.176
269.38	-0.15
269.39	-0.125
269.4	-0.104
269.41	-0.089
269.42	-0.082
269.43	-0.087
269.44	-0.099
269.45	-0.115
269.46	-0.132
269.47	-0.149
269.48	-0.169
269.49	-0.191
269.5	-0.216
269.51	-0.242
269.52	-0.266
269.53	-0.289
269.54	-0.308
269.55	-0.324
269.56	-0.337
269.57	-0.347
269.58	-0.354
269.59	-0.358
269.6	-0.358
269.61	-0.353
269.62	-0.343
269.63	-0.329
269.64	-0.311
269.65	-0.288
269.66	-0.259
269.67	-0.222
269.68	-0.18
269.69	-0.134
269.7	-0.089
269.71	-0.048
269.72	-0.012
269.73	0.019
269.74	0.04
269.75	0.046
269.76	0.033
269.77	0.001
269.78	-0.04
269.79	-0.079
269.8	-0.112
269.81	-0.139
269.82	-0.164
269.83	-0.188
269.84	-0.207
269.85	-0.217
269.86	-0.219
269.87	-0.218
269.88	-0.22
269.89	-0.232
269.9	-0.255
269.91	-0.293
269.92	-0.344
269.93	-0.403
269.94	-0.464
269.95	-0.525
269.96	-0.586
269.97	-0.65
269.98	-0.719
269.99	-0.79
270	-0.862
270.01	-0.93
270.02	-0.989
270.03	-1.032
270.04	-1.057
270.05	-1.062
270.06	-1.052
270.07	-1.028
270.08	-0.995
270.09	-0.957
270.1	-0.917
270.11	-0.878
270.12	-0.844
270.13	-0.816
270.14	-0.795
270.15	-0.779
270.16	-0.767
270.17	-0.752
270.18	-0.724
270.19	-0.678
270.2	-0.62
270.21	-0.561
270.22	-0.511
270.23	-0.475
270.24	-0.449
270.25	-0.432
270.26	-0.423
270.27	-0.427
270.28	-0.446
270.29	-0.475
270.3	-0.506
270.31	-0.533
270.32	-0.548
270.33	-0.552
270.34	-0.543
270.35	-0.523
270.36	-0.494
270.37	-0.457
270.38	-0.415
270.39	-0.365
270.4	-0.309
270.41	-0.25
270.42	-0.195
270.43	-0.153
270.44	-0.123
270.45	-0.098
270.46	-0.069
270.47	-0.031
270.48	0.02
270.49	0.084
270.5	0.161
270.51	0.244
270.52	0.327
270.53	0.405
270.54	0.482
270.55	0.559
270.56	0.636
270.57	0.709
270.58	0.772
270.59	0.821
270.6	0.857
270.61	0.884
270.62	0.903
270.63	0.913
270.64	0.912
270.65	0.898
270.66	0.877
270.67	0.855
270.68	0.837
270.69	0.817
270.7	0.789
270.71	0.747
270.72	0.694
270.73	0.638
270.74	0.586
270.75	0.541
270.76	0.507
270.77	0.481
270.78	0.462
270.79	0.444
270.8	0.423
270.81	0.4
270.82	0.376
270.83	0.353
270.84	0.331
270.85	0.307
270.86	0.281
270.87	0.254
270.88	0.229
270.89	0.206
270.9	0.187
270.91	0.172
270.92	0.159
270.93	0.147
270.94	0.131
270.95	0.11
270.96	0.085
270.97	0.062
270.98	0.044
270.99	0.037
271	0.048
271.01	0.08
271.02	0.131
271.03	0.198
271.04	0.273
271.05	0.349
271.06	0.42
271.07	0.478
271.08	0.525
271.09	0.568
271.1	0.612
271.11	0.662
271.12	0.714
271.13	0.765
271.14	0.81
271.15	0.845
271.16	0.865
271.17	0.869
271.18	0.856
271.19	0.827
271.2	0.783
271.21	0.724
271.22	0.648
271.23	0.558
271.24	0.453
271.25	0.336
271.26	0.213
271.27	0.096
271.28	-0.004
271.29	-0.078
271.3	-0.13
271.31	-0.164
271.32	-0.184
271.33	-0.186
271.34	-0.163
271.35	-0.112
271.36	-0.038
271.37	0.05
271.38	0.144
271.39	0.239
271.4	0.333
271.41	0.424
271.42	0.508
271.43	0.579
271.44	0.636
271.45	0.681
271.46	0.722
271.47	0.761
271.48	0.798
271.49	0.827
271.5	0.843
271.51	0.839
271.52	0.814
271.53	0.766
271.54	0.7
271.55	0.626
271.56	0.553
271.57	0.484
271.58	0.419
271.59	0.355
271.6	0.292
271.61	0.233
271.62	0.18
271.63	0.133
271.64	0.091
271.65	0.049
271.66	0.007
271.67	-0.033
271.68	-0.069
271.69	-0.099
271.7	-0.119
271.71	-0.128
271.72	-0.126
271.73	-0.116
271.74	-0.101
271.75	-0.084
271.76	-0.068
271.77	-0.055
271.78	-0.046
271.79	-0.038
271.8	-0.029
271.81	-0.015
271.82	0.003
271.83	0.027
271.84	0.055
271.85	0.084
271.86	0.112
271.87	0.136
271.88	0.156
271.89	0.171
271.9	0.182
271.91	0.195
271.92	0.216
271.93	0.246
271.94	0.278
271.95	0.303
271.96	0.313
271.97	0.311
271.98	0.299
271.99	0.282
272	0.266
272.01	0.255
272.02	0.252
272.03	0.256
272.04	0.264
272.05	0.272
272.06	0.274
272.07	0.266
272.08	0.244
272.09	0.217
272.1	0.196
272.11	0.19
272.12	0.195
272.13	0.2
272.14	0.192
272.15	0.169
272.16	0.136
272.17	0.097
272.18	0.057
272.19	0.018
272.2	-0.016
272.21	-0.043
272.22	-0.059
272.23	-0.06
272.24	-0.046
272.25	-0.019
272.26	0.018
272.27	0.059
272.28	0.097
272.29	0.124
272.3	0.138
272.31	0.147
272.32	0.157
272.33	0.17
272.34	0.186
272.35	0.2
272.36	0.213
272.37	0.228
272.38	0.248
272.39	0.274
272.4	0.297
272.41	0.31
272.42	0.311
272.43	0.306
272.44	0.306
272.45	0.317
272.46	0.346
272.47	0.396
272.48	0.464
272.49	0.54
272.5	0.609
272.51	0.665
272.52	0.704
272.53	0.728
272.54	0.739
272.55	0.738
272.56	0.728
272.57	0.71
272.58	0.684
272.59	0.648
272.6	0.601
272.61	0.541
272.62	0.47
272.63	0.388
272.64	0.298
272.65	0.203
272.66	0.107
272.67	0.017
272.68	-0.057
272.69	-0.112
272.7	-0.153
272.71	-0.192
272.72	-0.239
272.73	-0.295
272.74	-0.357
272.75	-0.42
272.76	-0.479
272.77	-0.529
272.78	-0.568
272.79	-0.596
272.8	-0.615
272.81	-0.63
272.82	-0.641
272.83	-0.647
272.84	-0.645
272.85	-0.635
272.86	-0.617
272.87	-0.592
272.88	-0.562
272.89	-0.531
272.9	-0.504
272.91	-0.482
272.92	-0.462
272.93	-0.44
272.94	-0.416
272.95	-0.397
272.96	-0.389
272.97	-0.396
272.98	-0.418
272.99	-0.453
273	-0.497
273.01	-0.542
273.02	-0.583
273.03	-0.616
273.04	-0.639
273.05	-0.651
273.06	-0.652
273.07	-0.639
273.08	-0.608
273.09	-0.562
273.1	-0.51
273.11	-0.464
273.12	-0.431
273.13	-0.412
273.14	-0.405
273.15	-0.406
273.16	-0.415
273.17	-0.43
273.18	-0.451
273.19	-0.475
273.2	-0.499
273.21	-0.521
273.22	-0.536
273.23	-0.541
273.24	-0.533
273.25	-0.513
273.26	-0.486
273.27	-0.451
273.28	-0.398
273.29	-0.313
273.3	-0.191
273.31	-0.041
273.32	0.118
273.33	0.27
273.34	0.407
273.35	0.525
273.36	0.625
273.37	0.705
273.38	0.767
273.39	0.808
273.4	0.824
273.41	0.809
273.42	0.759
273.43	0.675
273.44	0.559
273.45	0.418
273.46	0.26
273.47	0.095
273.48	-0.067
273.49	-0.219
273.5	-0.352
273.51	-0.463
273.52	-0.55
273.53	-0.616
273.54	-0.663
273.55	-0.696
273.56	-0.721
273.57	-0.74
273.58	-0.753
273.59	-0.755
273.6	-0.74
273.61	-0.711
273.62	-0.676
273.63	-0.645
273.64	-0.623
273.65	-0.615
273.66	-0.618
273.67	-0.632
273.68	-0.656
273.69	-0.688
273.7	-0.723
273.71	-0.756
273.72	-0.782
273.73	-0.797
273.74	-0.798
273.75	-0.787
273.76	-0.763
273.77	-0.733
273.78	-0.702
273.79	-0.674
273.8	-0.651
273.81	-0.634
273.82	-0.622
273.83	-0.614
273.84	-0.607
273.85	-0.601
273.86	-0.599
273.87	-0.606
273.88	-0.622
273.89	-0.643
273.9	-0.665
273.91	-0.682
273.92	-0.69
273.93	-0.686
273.94	-0.664
273.95	-0.62
273.96	-0.548
273.97	-0.445
273.98	-0.316
273.99	-0.17
274	-0.017
274.01	0.131
274.02	0.263
274.03	0.368
274.04	0.445
274.05	0.494
274.06	0.518
274.07	0.521
274.08	0.508
274.09	0.486
274.1	0.457
274.11	0.425
274.12	0.393
274.13	0.361
274.14	0.33
274.15	0.299
274.16	0.272
274.17	0.252
274.18	0.243
274.19	0.244
274.2	0.247
274.21	0.247
274.22	0.244
274.23	0.247
274.24	0.265
274.25	0.3
274.26	0.347
274.27	0.402
274.28	0.454
274.29	0.497
274.3	0.522
274.31	0.527
274.32	0.516
274.33	0.493
274.34	0.461
274.35	0.422
274.36	0.375
274.37	0.321
274.38	0.262
274.39	0.2
274.4	0.139
274.41	0.086
274.42	0.047
274.43	0.024
274.44	0.011
274.45	0.002
274.46	-0.006
274.47	-0.01
274.48	-0.005
274.49	0.009
274.5	0.029
274.51	0.049
274.52	0.066
274.53	0.079
274.54	0.089
274.55	0.096
274.56	0.1
274.57	0.102
274.58	0.1
274.59	0.093
274.6	0.079
274.61	0.058
274.62	0.033
274.63	0.007
274.64	-0.017
274.65	-0.036
274.66	-0.05
274.67	-0.057
274.68	-0.06
274.69	-0.059
274.7	-0.056
274.71	-0.045
274.72	-0.023
274.73	0.015
274.74	0.064
274.75	0.116
274.76	0.165
274.77	0.205
274.78	0.234
274.79	0.252
274.8	0.256
274.81	0.24
274.82	0.203
274.83	0.146
274.84	0.076
274.85	0.001
274.86	-0.073
274.87	-0.138
274.88	-0.189
274.89	-0.223
274.9	-0.237
274.91	-0.23
274.92	-0.208
274.93	-0.181
274.94	-0.159
274.95	-0.149
274.96	-0.148
274.97	-0.155
274.98	-0.165
274.99	-0.17
275	-0.163
275.01	-0.144
275.02	-0.118
275.03	-0.092
275.04	-0.074
275.05	-0.068
275.06	-0.075
275.07	-0.094
275.08	-0.117
275.09	-0.137
275.1	-0.146
275.11	-0.143
275.12	-0.127
275.13	-0.099
275.14	-0.065
275.15	-0.028
275.16	0.009
275.17	0.048
275.18	0.095
275.19	0.153
275.2	0.218
275.21	0.279
275.22	0.328
275.23	0.357
275.24	0.368
275.25	0.362
275.26	0.338
275.27	0.298
275.28	0.241
275.29	0.174
275.3	0.104
275.31	0.04
275.32	-0.013
275.33	-0.053
275.34	-0.08
275.35	-0.095
275.36	-0.102
275.37	-0.105
275.38	-0.105
275.39	-0.097
275.4	-0.076
275.41	-0.04
275.42	0.011
275.43	0.072
275.44	0.141
275.45	0.211
275.46	0.277
275.47	0.333
275.48	0.373
275.49	0.389
275.5	0.379
275.51	0.342
275.52	0.279
275.53	0.193
275.54	0.087
275.55	-0.038
275.56	-0.174
275.57	-0.305
275.58	-0.412
275.59	-0.483
275.6	-0.515
275.61	-0.509
275.62	-0.472
275.63	-0.413
275.64	-0.344
275.65	-0.276
275.66	-0.214
275.67	-0.159
275.68	-0.111
275.69	-0.069
275.7	-0.031
275.71	0.005
275.72	0.035
275.73	0.05
275.74	0.047
275.75	0.025
275.76	-0.007
275.77	-0.043
275.78	-0.08
275.79	-0.124
275.8	-0.182
275.81	-0.252
275.82	-0.329
275.83	-0.406
275.84	-0.478
275.85	-0.541
275.86	-0.591
275.87	-0.626
275.88	-0.641
275.89	-0.632
275.9	-0.601
275.91	-0.553
275.92	-0.495
275.93	-0.435
275.94	-0.383
275.95	-0.351
275.96	-0.337
275.97	-0.328
275.98	-0.307
275.99	-0.269
276	-0.218
276.01	-0.164
276.02	-0.115
276.03	-0.074
276.04	-0.043
276.05	-0.02
276.06	-0.008
276.07	-0.007
276.08	-0.015
276.09	-0.031
276.1	-0.049
276.11	-0.067
276.12	-0.082
276.13	-0.091
276.14	-0.092
276.15	-0.087
276.16	-0.077
276.17	-0.063
276.18	-0.047
276.19	-0.029
276.2	-0.011
276.21	0.008
276.22	0.025
276.23	0.04
276.24	0.051
276.25	0.058
276.26	0.062
276.27	0.063
276.28	0.064
276.29	0.065
276.3	0.067
276.31	0.066
276.32	0.06
276.33	0.049
276.34	0.032
276.35	0.01
276.36	-0.018
276.37	-0.054
276.38	-0.101
276.39	-0.155
276.4	-0.213
276.41	-0.271
276.42	-0.326
276.43	-0.385
276.44	-0.45
276.45	-0.524
276.46	-0.598
276.47	-0.667
276.48	-0.721
276.49	-0.749
276.5	-0.741
276.51	-0.695
276.52	-0.616
276.53	-0.513
276.54	-0.397
276.55	-0.283
276.56	-0.185
276.57	-0.11
276.58	-0.059
276.59	-0.028
276.6	-0.014
276.61	-0.012
276.62	-0.021
276.63	-0.036
276.64	-0.051
276.65	-0.06
276.66	-0.06
276.67	-0.047
276.68	-0.019
276.69	0.022
276.7	0.068
276.71	0.112
276.72	0.146
276.73	0.172
276.74	0.195
276.75	0.218
276.76	0.235
276.77	0.239
276.78	0.222
276.79	0.184
276.8	0.134
276.81	0.078
276.82	0.021
276.83	-0.038
276.84	-0.098
276.85	-0.155
276.86	-0.197
276.87	-0.216
276.88	-0.207
276.89	-0.171
276.9	-0.112
276.91	-0.036
276.92	0.053
276.93	0.148
276.94	0.245
276.95	0.34
276.96	0.431
276.97	0.514
276.98	0.582
276.99	0.627
277	0.648
277.01	0.645
277.02	0.62
277.03	0.576
277.04	0.517
277.05	0.443
277.06	0.359
277.07	0.271
277.08	0.187
277.09	0.109
277.1	0.034
277.11	-0.045
277.12	-0.131
277.13	-0.224
277.14	-0.318
277.15	-0.407
277.16	-0.485
277.17	-0.544
277.18	-0.58
277.19	-0.594
277.2	-0.59
277.21	-0.572
277.22	-0.543
277.23	-0.502
277.24	-0.449
277.25	-0.386
277.26	-0.315
277.27	-0.241
277.28	-0.166
277.29	-0.091
277.3	-0.015
277.31	0.056
277.32	0.118
277.33	0.165
277.34	0.193
277.35	0.201
277.36	0.189
277.37	0.16
277.38	0.119
277.39	0.073
277.4	0.029
277.41	-0.008
277.42	-0.035
277.43	-0.046
277.44	-0.03
277.45	0.018
277.46	0.101
277.47	0.204
277.48	0.312
277.49	0.413
277.5	0.502
277.51	0.575
277.52	0.636
277.53	0.689
277.54	0.739
277.55	0.792
277.56	0.841
277.57	0.88
277.58	0.901
277.59	0.904
277.6	0.893
277.61	0.869
277.62	0.837
277.63	0.798
277.64	0.754
277.65	0.706
277.66	0.656
277.67	0.608
277.68	0.562
277.69	0.522
277.7	0.489
277.71	0.463
277.72	0.444
277.73	0.431
277.74	0.423
277.75	0.421
277.76	0.425
277.77	0.436
277.78	0.454
277.79	0.479
277.8	0.51
277.81	0.547
277.82	0.593
277.83	0.642
277.84	0.688
277.85	0.723
277.86	0.743
277.87	0.754
277.88	0.759
277.89	0.763
277.9	0.762
277.91	0.753
277.92	0.734
277.93	0.711
277.94	0.689
277.95	0.673
277.96	0.664
277.97	0.665
277.98	0.672
277.99	0.671
278	0.65
278.01	0.599
278.02	0.523
278.03	0.431
278.04	0.335
278.05	0.248
278.06	0.183
278.07	0.147
278.08	0.135
278.09	0.137
278.1	0.145
278.11	0.157
278.12	0.177
278.13	0.211
278.14	0.257
278.15	0.312
278.16	0.373
278.17	0.434
278.18	0.486
278.19	0.525
278.2	0.543
278.21	0.535
278.22	0.497
278.23	0.435
278.24	0.36
278.25	0.285
278.26	0.217
278.27	0.161
278.28	0.12
278.29	0.094
278.3	0.083
278.31	0.086
278.32	0.099
278.33	0.118
278.34	0.138
278.35	0.16
278.36	0.183
278.37	0.21
278.38	0.239
278.39	0.268
278.4	0.295
278.41	0.315
278.42	0.32
278.43	0.307
278.44	0.273
278.45	0.22
278.46	0.153
278.47	0.076
278.48	-0.008
278.49	-0.095
278.5	-0.183
278.51	-0.269
278.52	-0.352
278.53	-0.429
278.54	-0.502
278.55	-0.571
278.56	-0.636
278.57	-0.691
278.58	-0.732
278.59	-0.756
278.6	-0.757
278.61	-0.734
278.62	-0.687
278.63	-0.624
278.64	-0.551
278.65	-0.476
278.66	-0.405
278.67	-0.343
278.68	-0.292
278.69	-0.253
278.7	-0.226
278.71	-0.209
278.72	-0.203
278.73	-0.209
278.74	-0.228
278.75	-0.26
278.76	-0.306
278.77	-0.365
278.78	-0.439
278.79	-0.526
278.8	-0.626
278.81	-0.736
278.82	-0.856
278.83	-0.982
278.84	-1.105
278.85	-1.219
278.86	-1.317
278.87	-1.398
278.88	-1.464
278.89	-1.517
278.9	-1.559
278.91	-1.584
278.92	-1.593
278.93	-1.589
278.94	-1.585
278.95	-1.59
278.96	-1.607
278.97	-1.63
278.98	-1.653
278.99	-1.674
279	-1.695
279.01	-1.716
279.02	-1.736
279.03	-1.746
279.04	-1.741
279.05	-1.719
279.06	-1.685
279.07	-1.649
279.08	-1.612
279.09	-1.569
279.1	-1.512
279.11	-1.44
279.12	-1.358
279.13	-1.272
279.14	-1.184
279.15	-1.096
279.16	-1.002
279.17	-0.908
279.18	-0.826
279.19	-0.771
279.2	-0.747
279.21	-0.743
279.22	-0.744
279.23	-0.738
279.24	-0.721
279.25	-0.689
279.26	-0.646
279.27	-0.6
279.28	-0.559
279.29	-0.529
279.3	-0.504
279.31	-0.476
279.32	-0.437
279.33	-0.387
279.34	-0.327
279.35	-0.261
279.36	-0.192
279.37	-0.124
279.38	-0.058
279.39	0.006
279.4	0.071
279.41	0.139
279.42	0.201
279.43	0.247
279.44	0.271
279.45	0.275
279.46	0.269
279.47	0.264
279.48	0.263
279.49	0.265
279.5	0.267
279.51	0.271
279.52	0.282
279.53	0.304
279.54	0.337
279.55	0.374
279.56	0.41
279.57	0.442
279.58	0.469
279.59	0.496
279.6	0.519
279.61	0.536
279.62	0.543
279.63	0.538
279.64	0.522
279.65	0.496
279.66	0.461
279.67	0.418
279.68	0.369
279.69	0.314
279.7	0.256
279.71	0.195
279.72	0.136
279.73	0.09
279.74	0.068
279.75	0.075
279.76	0.105
279.77	0.149
279.78	0.2
279.79	0.254
279.8	0.312
279.81	0.373
279.82	0.435
279.83	0.499
279.84	0.561
279.85	0.615
279.86	0.652
279.87	0.669
279.88	0.667
279.89	0.656
279.9	0.64
279.91	0.613
279.92	0.567
279.93	0.492
279.94	0.391
279.95	0.27
279.96	0.141
279.97	0.015
279.98	-0.094
279.99	-0.178
