370	-0.908
370.01	-0.815
370.02	-0.739
370.03	-0.673
370.04	-0.615
370.05	-0.57
370.06	-0.543
370.07	-0.534
370.08	-0.541
370.09	-0.558
370.1	-0.58
370.11	-0.6
370.12	-0.611
370.13	-0.61
370.14	-0.592
370.15	-0.556
370.16	-0.503
370.17	-0.439
370.18	-0.369
370.19	-0.297
370.2	-0.227
370.21	-0.165
370.22	-0.113
370.23	-0.076
370.24	-0.058
370.25	-0.056
370.26	-0.065
370.27	-0.079
370.28	-0.095
370.29	-0.119
370.3	-0.158
370.31	-0.208
370.32	-0.258
370.33	-0.293
370.34	-0.303
370.35	-0.279
370.36	-0.217
370.37	-0.115
370.38	0.021
370.39	0.186
370.4	0.37
370.41	0.555
370.42	0.726
370.43	0.87
370.44	0.976
370.45	1.037
370.46	1.052
370.47	1.027
370.48	0.969
370.49	0.887
370.5	0.787
370.51	0.676
370.52	0.556
370.53	0.434
370.54	0.312
370.55	0.196
370.56	0.097
370.57	0.028
370.58	-0.002
370.59	0.01
370.6	0.064
370.61	0.157
370.62	0.277
370.63	0.413
370.64	0.551
370.65	0.68
370.66	0.79
370.67	0.874
370.68	0.927
370.69	0.949
370.7	0.94
370.71	0.902
370.72	0.837
370.73	0.747
370.74	0.637
370.75	0.515
370.76	0.388
370.77	0.262
370.78	0.144
370.79	0.039
370.8	-0.053
370.81	-0.138
370.82	-0.218
370.83	-0.297
370.84	-0.371
370.85	-0.439
370.86	-0.493
370.87	-0.524
370.88	-0.522
370.89	-0.484
370.9	-0.413
370.91	-0.316
370.92	-0.198
370.93	-0.065
370.94	0.077
370.95	0.224
370.96	0.366
370.97	0.496
370.98	0.61
370.99	0.705
371	0.781
371.01	0.841
371.02	0.89
371.03	0.935
371.04	0.978
371.05	1.012
371.06	1.027
371.07	1.018
371.08	0.98
371.09	0.913
371.1	0.82
371.11	0.708
371.12	0.588
371.13	0.469
371.14	0.366
371.15	0.291
371.16	0.253
371.17	0.256
371.18	0.3
371.19	0.386
371.2	0.511
371.21	0.677
371.22	0.877
371.23	1.095
371.24	1.306
371.25	1.493
371.26	1.641
371.27	1.744
371.28	1.799
371.29	1.811
371.3	1.787
371.31	1.736
371.32	1.662
371.33	1.564
371.34	1.443
371.35	1.304
371.36	1.151
371.37	0.99
371.38	0.826
371.39	0.663
371.4	0.507
371.41	0.362
371.42	0.237
371.43	0.137
371.44	0.064
371.45	0.021
371.46	0.007
371.47	0.018
371.48	0.05
371.49	0.099
371.5	0.156
371.51	0.215
371.52	0.266
371.53	0.304
371.54	0.325
371.55	0.325
371.56	0.305
371.57	0.265
371.58	0.207
371.59	0.135
371.6	0.053
371.61	-0.032
371.62	-0.118
371.63	-0.207
371.64	-0.301
371.65	-0.402
371.66	-0.507
371.67	-0.613
371.68	-0.716
371.69	-0.812
371.7	-0.898
371.71	-0.969
371.72	-1.012
371.73	-1.017
371.74	-0.98
371.75	-0.903
371.76	-0.797
371.77	-0.671
371.78	-0.534
371.79	-0.392
371.8	-0.25
371.81	-0.11
371.82	0.028
371.83	0.163
371.84	0.287
371.85	0.387
371.86	0.454
371.87	0.49
371.88	0.503
371.89	0.502
371.9	0.499
371.91	0.502
371.92	0.521
371.93	0.556
371.94	0.606
371.95	0.664
371.96	0.725
371.97	0.781
371.98	0.822
371.99	0.844
372	0.84
372.01	0.808
372.02	0.751
372.03	0.679
372.04	0.6
372.05	0.529
372.06	0.483
372.07	0.474
372.08	0.509
372.09	0.585
372.1	0.696
372.11	0.832
372.12	0.978
372.13	1.12
372.14	1.248
372.15	1.359
372.16	1.452
372.17	1.525
372.18	1.579
372.19	1.613
372.2	1.625
372.21	1.604
372.22	1.54
372.23	1.43
372.24	1.275
372.25	1.079
372.26	0.852
372.27	0.611
372.28	0.374
372.29	0.155
372.3	-0.044
372.31	-0.229
372.32	-0.403
372.33	-0.56
372.34	-0.69
372.35	-0.783
372.36	-0.833
372.37	-0.839
372.38	-0.803
372.39	-0.736
372.4	-0.651
372.41	-0.563
372.42	-0.482
372.43	-0.412
372.44	-0.359
372.45	-0.327
372.46	-0.328
372.47	-0.365
372.48	-0.435
372.49	-0.527
372.5	-0.632
372.51	-0.745
372.52	-0.873
372.53	-1.019
372.54	-1.177
372.55	-1.328
372.56	-1.451
372.57	-1.529
372.58	-1.543
372.59	-1.485
372.6	-1.359
372.61	-1.186
372.62	-0.988
372.63	-0.781
372.64	-0.572
372.65	-0.366
372.66	-0.169
372.67	0.002
372.68	0.131
372.69	0.215
372.7	0.265
372.71	0.299
372.72	0.325
372.73	0.341
372.74	0.341
372.75	0.322
372.76	0.284
372.77	0.229
372.78	0.165
372.79	0.102
372.8	0.054
372.81	0.034
372.82	0.057
372.83	0.138
372.84	0.281
372.85	0.474
372.86	0.697
372.87	0.932
372.88	1.172
372.89	1.415
372.9	1.656
372.91	1.878
372.92	2.061
372.93	2.193
372.94	2.274
372.95	2.313
372.96	2.319
372.97	2.298
372.98	2.252
372.99	2.184
373	2.099
373.01	2.003
373.02	1.905
373.03	1.808
373.04	1.717
373.05	1.634
373.06	1.559
373.07	1.492
373.08	1.432
373.09	1.377
373.1	1.332
373.11	1.296
373.12	1.27
373.13	1.252
373.14	1.238
373.15	1.226
373.16	1.216
373.17	1.209
373.18	1.206
373.19	1.212
373.2	1.232
373.21	1.264
373.22	1.296
373.23	1.313
373.24	1.306
373.25	1.267
373.26	1.197
373.27	1.094
373.28	0.955
373.29	0.774
373.3	0.555
373.31	0.316
373.32	0.084
373.33	-0.123
373.34	-0.298
373.35	-0.441
373.36	-0.552
373.37	-0.629
373.38	-0.669
373.39	-0.668
373.4	-0.626
373.41	-0.541
373.42	-0.418
373.43	-0.274
373.44	-0.13
373.45	-0.005
373.46	0.093
373.47	0.159
373.48	0.193
373.49	0.195
373.5	0.165
373.51	0.106
373.52	0.021
373.53	-0.087
373.54	-0.212
373.55	-0.344
373.56	-0.473
373.57	-0.589
373.58	-0.684
373.59	-0.754
373.6	-0.797
373.61	-0.815
373.62	-0.808
373.63	-0.781
373.64	-0.741
373.65	-0.701
373.66	-0.674
373.67	-0.663
373.68	-0.673
373.69	-0.701
373.7	-0.746
373.71	-0.807
373.72	-0.885
373.73	-0.977
373.74	-1.08
373.75	-1.193
373.76	-1.308
373.77	-1.411
373.78	-1.488
373.79	-1.532
373.8	-1.542
373.81	-1.52
373.82	-1.468
373.83	-1.381
373.84	-1.255
373.85	-1.094
373.86	-0.914
373.87	-0.734
373.88	-0.569
373.89	-0.43
373.9	-0.327
373.91	-0.265
373.92	-0.253
373.93	-0.294
373.94	-0.392
373.95	-0.548
373.96	-0.76
373.97	-1.022
373.98	-1.317
373.99	-1.624
374	-1.927
374.01	-2.214
374.02	-2.475
374.03	-2.706
374.04	-2.905
374.05	-3.071
374.06	-3.206
374.07	-3.304
374.08	-3.361
374.09	-3.376
374.1	-3.353
374.11	-3.299
374.12	-3.22
374.13	-3.117
374.14	-2.986
374.15	-2.824
374.16	-2.636
374.17	-2.431
374.18	-2.218
374.19	-2.005
374.2	-1.797
374.21	-1.601
374.22	-1.418
374.23	-1.251
374.24	-1.101
374.25	-0.972
374.26	-0.87
374.27	-0.8
374.28	-0.763
374.29	-0.757
374.3	-0.778
374.31	-0.83
374.32	-0.924
374.33	-1.067
374.34	-1.249
374.35	-1.446
374.36	-1.631
374.37	-1.787
374.38	-1.902
374.39	-1.972
374.4	-2.001
374.41	-1.996
374.42	-1.97
374.43	-1.931
374.44	-1.88
374.45	-1.817
374.46	-1.743
374.47	-1.662
374.48	-1.575
374.49	-1.484
374.5	-1.388
374.51	-1.287
374.52	-1.182
374.53	-1.082
374.54	-1
374.55	-0.94
374.56	-0.905
374.57	-0.893
374.58	-0.901
374.59	-0.919
374.6	-0.939
374.61	-0.955
374.62	-0.968
374.63	-0.982
374.64	-0.999
374.65	-1.014
374.66	-1.021
374.67	-1.016
374.68	-0.989
374.69	-0.934
374.7	-0.849
374.71	-0.738
374.72	-0.611
374.73	-0.476
374.74	-0.336
374.75	-0.193
374.76	-0.044
374.77	0.11
374.78	0.272
374.79	0.443
374.8	0.621
374.81	0.804
374.82	0.99
374.83	1.171
374.84	1.336
374.85	1.476
374.86	1.583
374.87	1.647
374.88	1.663
374.89	1.635
374.9	1.568
374.91	1.473
374.92	1.356
374.93	1.22
374.94	1.072
374.95	0.918
374.96	0.767
374.97	0.63
374.98	0.508
374.99	0.399
375	0.299
375.01	0.211
375.02	0.141
375.03	0.097
375.04	0.085
375.05	0.107
375.06	0.165
375.07	0.254
375.08	0.36
375.09	0.472
375.1	0.581
375.11	0.691
375.12	0.807
375.13	0.926
375.14	1.039
375.15	1.135
375.16	1.205
375.17	1.242
375.18	1.244
375.19	1.21
375.2	1.15
375.21	1.073
375.22	0.994
375.23	0.925
375.24	0.881
375.25	0.87
375.26	0.892
375.27	0.945
375.28	1.019
375.29	1.1
375.3	1.174
375.31	1.23
375.32	1.269
375.33	1.3
375.34	1.331
375.35	1.363
375.36	1.394
375.37	1.421
375.38	1.444
375.39	1.465
375.4	1.484
375.41	1.501
375.42	1.515
375.43	1.526
375.44	1.533
375.45	1.538
375.46	1.543
375.47	1.552
375.48	1.571
375.49	1.603
375.5	1.647
375.51	1.697
375.52	1.747
375.53	1.789
375.54	1.813
375.55	1.814
375.56	1.788
375.57	1.736
375.58	1.663
375.59	1.573
375.6	1.476
375.61	1.378
375.62	1.287
375.63	1.211
375.64	1.156
375.65	1.126
375.66	1.123
375.67	1.15
375.68	1.203
375.69	1.267
375.7	1.327
375.71	1.374
375.72	1.407
375.73	1.429
375.74	1.44
375.75	1.438
375.76	1.419
375.77	1.387
375.78	1.349
375.79	1.319
375.8	1.304
375.81	1.305
375.82	1.319
375.83	1.34
375.84	1.358
375.85	1.364
375.86	1.351
375.87	1.312
375.88	1.246
375.89	1.155
375.9	1.04
375.91	0.906
375.92	0.758
375.93	0.605
375.94	0.455
375.95	0.317
375.96	0.198
375.97	0.099
375.98	0.022
375.99	-0.032
376	-0.064
376.01	-0.077
376.02	-0.074
376.03	-0.061
376.04	-0.043
376.05	-0.02
376.06	0.011
376.07	0.054
376.08	0.107
376.09	0.161
376.1	0.21
376.11	0.246
376.12	0.267
376.13	0.27
376.14	0.253
376.15	0.211
376.16	0.14
376.17	0.043
376.18	-0.071
376.19	-0.189
376.2	-0.305
376.21	-0.412
376.22	-0.509
376.23	-0.594
376.24	-0.668
376.25	-0.733
376.26	-0.789
376.27	-0.835
376.28	-0.872
376.29	-0.9
376.3	-0.922
376.31	-0.941
376.32	-0.962
376.33	-0.985
376.34	-1.013
376.35	-1.044
376.36	-1.069
376.37	-1.081
376.38	-1.073
376.39	-1.044
376.4	-0.993
376.41	-0.924
376.42	-0.843
376.43	-0.759
376.44	-0.676
376.45	-0.596
376.46	-0.517
376.47	-0.437
376.48	-0.355
376.49	-0.271
376.5	-0.185
376.51	-0.097
376.52	-0.009
376.53	0.079
376.54	0.175
376.55	0.285
376.56	0.417
376.57	0.563
376.58	0.704
376.59	0.826
376.6	0.925
376.61	1.005
376.62	1.075
376.63	1.134
376.64	1.176
376.65	1.195
376.66	1.191
376.67	1.171
376.68	1.143
376.69	1.104
376.7	1.044
376.71	0.951
376.72	0.821
376.73	0.653
376.74	0.452
376.75	0.229
376.76	-0.002
376.77	-0.224
376.78	-0.423
376.79	-0.591
376.8	-0.721
376.81	-0.812
376.82	-0.87
376.83	-0.9
376.84	-0.91
376.85	-0.907
376.86	-0.898
376.87	-0.885
376.88	-0.864
376.89	-0.832
376.9	-0.786
376.91	-0.724
376.92	-0.645
376.93	-0.552
376.94	-0.451
376.95	-0.352
376.96	-0.259
376.97	-0.174
376.98	-0.095
376.99	-0.019
377	0.057
377.01	0.139
377.02	0.229
377.03	0.321
377.04	0.407
377.05	0.478
377.06	0.526
377.07	0.545
377.08	0.532
377.09	0.484
377.1	0.4
377.11	0.283
377.12	0.14
377.13	-0.015
377.14	-0.17
377.15	-0.318
377.16	-0.452
377.17	-0.57
377.18	-0.672
377.19	-0.76
377.2	-0.839
377.21	-0.907
377.22	-0.961
377.23	-0.999
377.24	-1.022
377.25	-1.035
377.26	-1.046
377.27	-1.056
377.28	-1.063
377.29	-1.059
377.3	-1.045
377.31	-1.021
377.32	-0.991
377.33	-0.958
377.34	-0.927
377.35	-0.9
377.36	-0.879
377.37	-0.861
377.38	-0.842
377.39	-0.817
377.4	-0.782
377.41	-0.73
377.42	-0.657
377.43	-0.555
377.44	-0.42
377.45	-0.25
377.46	-0.055
377.47	0.151
377.48	0.359
377.49	0.562
377.5	0.763
377.51	0.96
377.52	1.148
377.53	1.313
377.54	1.449
377.55	1.559
377.56	1.654
377.57	1.742
377.58	1.825
377.59	1.897
377.6	1.952
377.61	1.986
377.62	1.997
377.63	1.985
377.64	1.953
377.65	1.908
377.66	1.857
377.67	1.809
377.68	1.771
377.69	1.751
377.7	1.743
377.71	1.738
377.72	1.724
377.73	1.696
377.74	1.66
377.75	1.62
377.76	1.582
377.77	1.556
377.78	1.546
377.79	1.551
377.8	1.566
377.81	1.582
377.82	1.59
377.83	1.577
377.84	1.534
377.85	1.456
377.86	1.342
377.87	1.195
377.88	1.019
377.89	0.817
377.9	0.596
377.91	0.36
377.92	0.114
377.93	-0.135
377.94	-0.379
377.95	-0.605
377.96	-0.799
377.97	-0.949
377.98	-1.041
377.99	-1.068
378	-1.028
378.01	-0.929
378.02	-0.783
378.03	-0.602
378.04	-0.402
378.05	-0.194
378.06	0.01
378.07	0.198
378.08	0.357
378.09	0.482
378.1	0.572
378.11	0.627
378.12	0.65
378.13	0.637
378.14	0.578
378.15	0.471
378.16	0.32
378.17	0.134
378.18	-0.072
378.19	-0.281
378.2	-0.474
378.21	-0.636
378.22	-0.766
378.23	-0.87
378.24	-0.956
378.25	-1.028
378.26	-1.085
378.27	-1.128
378.28	-1.162
378.29	-1.193
378.3	-1.228
378.31	-1.265
378.32	-1.294
378.33	-1.307
378.34	-1.303
378.35	-1.291
378.36	-1.28
378.37	-1.278
378.38	-1.287
378.39	-1.305
378.4	-1.331
378.41	-1.358
378.42	-1.381
378.43	-1.4
378.44	-1.423
378.45	-1.459
378.46	-1.509
378.47	-1.569
378.48	-1.628
378.49	-1.684
378.5	-1.745
378.51	-1.824
378.52	-1.923
378.53	-2.036
378.54	-2.153
378.55	-2.266
378.56	-2.37
378.57	-2.464
378.58	-2.547
378.59	-2.617
378.6	-2.674
378.61	-2.715
378.62	-2.729
378.63	-2.701
378.64	-2.628
378.65	-2.513
378.66	-2.368
378.67	-2.202
378.68	-2.024
378.69	-1.84
378.7	-1.658
378.71	-1.484
378.72	-1.326
378.73	-1.19
378.74	-1.081
378.75	-1.004
378.76	-0.958
378.77	-0.937
378.78	-0.931
378.79	-0.933
378.8	-0.945
378.81	-0.972
378.82	-1.017
378.83	-1.076
378.84	-1.143
378.85	-1.211
378.86	-1.265
378.87	-1.293
378.88	-1.281
378.89	-1.222
378.9	-1.108
378.91	-0.939
378.92	-0.727
378.93	-0.488
378.94	-0.24
378.95	0.002
378.96	0.226
378.97	0.423
378.98	0.586
378.99	0.707
379	0.781
379.01	0.808
379.02	0.789
379.03	0.727
379.04	0.628
379.05	0.495
379.06	0.335
379.07	0.157
379.08	-0.025
379.09	-0.196
379.1	-0.344
379.11	-0.455
379.12	-0.517
379.13	-0.525
379.14	-0.479
379.15	-0.383
379.16	-0.243
379.17	-0.066
379.18	0.142
379.19	0.37
379.2	0.603
379.21	0.827
379.22	1.032
379.23	1.208
379.24	1.354
379.25	1.464
379.26	1.531
379.27	1.546
379.28	1.506
379.29	1.414
379.3	1.276
379.31	1.102
379.32	0.9
379.33	0.68
379.34	0.45
379.35	0.217
379.36	-0.013
379.37	-0.235
379.38	-0.444
379.39	-0.632
379.4	-0.795
379.41	-0.925
379.42	-1.015
379.43	-1.06
379.44	-1.059
379.45	-1.012
379.46	-0.926
379.47	-0.816
379.48	-0.709
379.49	-0.622
379.5	-0.563
379.51	-0.522
379.52	-0.486
379.53	-0.445
379.54	-0.383
379.55	-0.293
379.56	-0.176
379.57	-0.046
379.58	0.084
379.59	0.203
379.6	0.3
379.61	0.367
379.62	0.408
379.63	0.436
379.64	0.462
379.65	0.496
379.66	0.538
379.67	0.586
379.68	0.636
379.69	0.682
379.7	0.718
379.71	0.74
379.72	0.748
379.73	0.743
379.74	0.73
379.75	0.718
379.76	0.713
379.77	0.719
379.78	0.731
379.79	0.739
379.8	0.74
379.81	0.73
379.82	0.709
379.83	0.676
379.84	0.638
379.85	0.598
379.86	0.558
379.87	0.51
379.88	0.442
379.89	0.351
379.9	0.242
379.91	0.127
379.92	0.016
379.93	-0.083
379.94	-0.166
379.95	-0.231
379.96	-0.275
379.97	-0.297
379.98	-0.296
379.99	-0.27
380	-0.22
380.01	-0.149
380.02	-0.066
380.03	0.016
380.04	0.087
380.05	0.146
380.06	0.192
380.07	0.228
380.08	0.261
380.09	0.3
380.1	0.348
380.11	0.404
380.12	0.459
380.13	0.505
380.14	0.548
380.15	0.6
380.16	0.67
380.17	0.759
380.18	0.854
380.19	0.942
380.2	1.012
380.21	1.054
380.22	1.064
380.23	1.039
380.24	0.982
380.25	0.898
380.26	0.794
380.27	0.678
380.28	0.559
380.29	0.441
380.3	0.324
380.31	0.206
380.32	0.084
380.33	-0.044
380.34	-0.182
380.35	-0.324
380.36	-0.456
380.37	-0.561
380.38	-0.63
380.39	-0.659
380.4	-0.65
380.41	-0.606
380.42	-0.529
380.43	-0.421
380.44	-0.29
380.45	-0.146
380.46	0
380.47	0.137
380.48	0.255
380.49	0.347
380.5	0.413
380.51	0.466
380.52	0.522
380.53	0.592
380.54	0.674
380.55	0.761
380.56	0.848
380.57	0.929
380.58	1
380.59	1.061
380.6	1.111
380.61	1.156
380.62	1.198
380.63	1.241
380.64	1.287
380.65	1.338
380.66	1.392
380.67	1.443
380.68	1.487
380.69	1.517
380.7	1.524
380.71	1.506
380.72	1.461
380.73	1.394
380.74	1.31
380.75	1.213
380.76	1.106
380.77	0.993
380.78	0.875
380.79	0.756
380.8	0.637
380.81	0.525
380.82	0.426
380.83	0.349
380.84	0.293
380.85	0.253
380.86	0.221
380.87	0.194
380.88	0.171
380.89	0.15
380.9	0.133
380.91	0.117
380.92	0.1
380.93	0.084
380.94	0.072
380.95	0.068
380.96	0.076
380.97	0.095
380.98	0.129
380.99	0.171
381	0.215
381.01	0.251
381.02	0.276
381.03	0.299
381.04	0.328
381.05	0.366
381.06	0.404
381.07	0.432
381.08	0.444
381.09	0.441
381.1	0.428
381.11	0.408
381.12	0.387
381.13	0.368
381.14	0.356
381.15	0.356
381.16	0.372
381.17	0.404
381.18	0.441
381.19	0.473
381.2	0.489
381.21	0.48
381.22	0.438
381.23	0.36
381.24	0.253
381.25	0.127
381.26	-0.011
381.27	-0.155
381.28	-0.303
381.29	-0.452
381.3	-0.595
381.31	-0.727
381.32	-0.844
381.33	-0.943
381.34	-1.026
381.35	-1.093
381.36	-1.144
381.37	-1.177
381.38	-1.192
381.39	-1.19
381.4	-1.175
381.41	-1.15
381.42	-1.119
381.43	-1.082
381.44	-1.039
381.45	-0.992
381.46	-0.94
381.47	-0.883
381.48	-0.824
381.49	-0.77
381.5	-0.724
381.51	-0.688
381.52	-0.661
381.53	-0.636
381.54	-0.611
381.55	-0.575
381.56	-0.524
381.57	-0.457
381.58	-0.382
381.59	-0.307
381.6	-0.234
381.61	-0.157
381.62	-0.069
381.63	0.031
381.64	0.136
381.65	0.237
381.66	0.33
381.67	0.412
381.68	0.483
381.69	0.544
381.7	0.595
381.71	0.638
381.72	0.671
381.73	0.694
381.74	0.705
381.75	0.702
381.76	0.69
381.77	0.672
381.78	0.652
381.79	0.639
381.8	0.64
381.81	0.659
381.82	0.687
381.83	0.713
381.84	0.725
381.85	0.715
381.86	0.682
381.87	0.628
381.88	0.559
381.89	0.483
381.9	0.41
381.91	0.349
381.92	0.307
381.93	0.289
381.94	0.295
381.95	0.32
381.96	0.359
381.97	0.412
381.98	0.479
381.99	0.561
382	0.657
382.01	0.762
382.02	0.868
382.03	0.973
382.04	1.069
382.05	1.155
382.06	1.229
382.07	1.294
382.08	1.353
382.09	1.406
382.1	1.449
382.11	1.479
382.12	1.491
382.13	1.482
382.14	1.449
382.15	1.393
382.16	1.317
382.17	1.226
382.18	1.127
382.19	1.03
382.2	0.946
382.21	0.88
382.22	0.837
382.23	0.819
382.24	0.826
382.25	0.854
382.26	0.901
382.27	0.961
382.28	1.031
382.29	1.104
382.3	1.179
382.31	1.253
382.32	1.33
382.33	1.407
382.34	1.479
382.35	1.536
382.36	1.571
382.37	1.576
382.38	1.544
382.39	1.474
382.4	1.373
382.41	1.251
382.42	1.117
382.43	0.975
382.44	0.827
382.45	0.671
382.46	0.507
382.47	0.337
382.48	0.161
382.49	-0.019
382.5	-0.2
382.51	-0.38
382.52	-0.556
382.53	-0.72
382.54	-0.868
382.55	-0.997
382.56	-1.104
382.57	-1.189
382.58	-1.251
382.59	-1.286
382.6	-1.293
382.61	-1.27
382.62	-1.22
382.63	-1.146
382.64	-1.054
382.65	-0.954
382.66	-0.857
382.67	-0.767
382.68	-0.681
382.69	-0.59
382.7	-0.49
382.71	-0.387
382.72	-0.292
382.73	-0.217
382.74	-0.168
382.75	-0.152
382.76	-0.17
382.77	-0.226
382.78	-0.322
382.79	-0.455
382.8	-0.616
382.81	-0.791
382.82	-0.967
382.83	-1.135
382.84	-1.29
382.85	-1.428
382.86	-1.55
382.87	-1.653
382.88	-1.737
382.89	-1.798
382.9	-1.827
382.91	-1.818
382.92	-1.775
382.93	-1.706
382.94	-1.625
382.95	-1.541
382.96	-1.461
382.97	-1.39
382.98	-1.332
382.99	-1.288
383	-1.259
383.01	-1.244
383.02	-1.244
383.03	-1.258
383.04	-1.282
383.05	-1.311
383.06	-1.338
383.07	-1.359
383.08	-1.372
383.09	-1.379
383.1	-1.381
383.11	-1.374
383.12	-1.354
383.13	-1.323
383.14	-1.29
383.15	-1.269
383.16	-1.265
383.17	-1.278
383.18	-1.299
383.19	-1.323
383.2	-1.35
383.21	-1.383
383.22	-1.426
383.23	-1.479
383.24	-1.545
383.25	-1.621
383.26	-1.703
383.27	-1.783
383.28	-1.854
383.29	-1.914
383.3	-1.96
383.31	-1.993
383.32	-2.01
383.33	-2.009
383.34	-1.988
383.35	-1.944
383.36	-1.876
383.37	-1.781
383.38	-1.663
383.39	-1.529
383.4	-1.383
383.41	-1.225
383.42	-1.047
383.43	-0.843
383.44	-0.616
383.45	-0.375
383.46	-0.133
383.47	0.1
383.48	0.307
383.49	0.479
383.5	0.613
383.51	0.717
383.52	0.802
383.53	0.872
383.54	0.92
383.55	0.937
383.56	0.919
383.57	0.862
383.58	0.765
383.59	0.632
383.6	0.465
383.61	0.27
383.62	0.057
383.63	-0.153
383.64	-0.339
383.65	-0.488
383.66	-0.602
383.67	-0.69
383.68	-0.761
383.69	-0.817
383.7	-0.858
383.71	-0.879
383.72	-0.874
383.73	-0.833
383.74	-0.753
383.75	-0.638
383.76	-0.499
383.77	-0.347
383.78	-0.192
383.79	-0.038
383.8	0.107
383.81	0.231
383.82	0.321
383.83	0.365
383.84	0.359
383.85	0.308
383.86	0.218
383.87	0.103
383.88	-0.025
383.89	-0.15
383.9	-0.261
383.91	-0.353
383.92	-0.418
383.93	-0.448
383.94	-0.428
383.95	-0.347
383.96	-0.21
383.97	-0.036
383.98	0.154
383.99	0.341
384	0.505
384.01	0.635
384.02	0.723
384.03	0.771
384.04	0.783
384.05	0.764
384.06	0.713
384.07	0.632
384.08	0.523
384.09	0.39
384.1	0.237
384.11	0.071
384.12	-0.101
384.13	-0.271
384.14	-0.43
384.15	-0.571
384.16	-0.687
384.17	-0.774
384.18	-0.828
384.19	-0.847
384.2	-0.835
384.21	-0.795
384.22	-0.735
384.23	-0.662
384.24	-0.585
384.25	-0.511
384.26	-0.449
384.27	-0.42
384.28	-0.444
384.29	-0.538
384.3	-0.706
384.31	-0.945
384.32	-1.247
384.33	-1.603
384.34	-2.006
384.35	-2.443
384.36	-2.898
384.37	-3.351
384.38	-3.785
384.39	-4.185
384.4	-4.533
384.41	-4.824
384.42	-5.063
384.43	-5.264
384.44	-5.445
384.45	-5.608
384.46	-5.75
384.47	-5.863
384.48	-5.942
384.49	-5.985
384.5	-5.991
384.51	-5.96
384.52	-5.894
384.53	-5.795
384.54	-5.665
384.55	-5.506
384.56	-5.32
384.57	-5.11
384.58	-4.874
384.59	-4.613
384.6	-4.331
384.61	-4.039
384.62	-3.745
384.63	-3.46
384.64	-3.193
384.65	-2.952
384.66	-2.742
384.67	-2.566
384.68	-2.426
384.69	-2.318
384.7	-2.234
384.71	-2.164
384.72	-2.098
384.73	-2.028
384.74	-1.948
384.75	-1.852
384.76	-1.732
384.77	-1.582
384.78	-1.406
384.79	-1.217
384.8	-1.036
384.81	-0.873
384.82	-0.721
384.83	-0.568
384.84	-0.402
384.85	-0.214
384.86	-0.001
384.87	0.249
384.88	0.56
384.89	0.96
384.9	1.464
384.91	2.074
384.92	2.775
384.93	3.547
384.94	4.358
384.95	5.172
384.96	5.958
384.97	6.692
384.98	7.36
384.99	7.951
385	8.463
385.01	8.894
385.02	9.246
385.03	9.52
385.04	9.714
385.05	9.831
385.06	9.878
385.07	9.86
385.08	9.787
385.09	9.665
385.1	9.499
385.11	9.293
385.12	9.061
385.13	8.823
385.14	8.597
385.15	8.394
385.16	8.216
385.17	8.061
385.18	7.923
385.19	7.798
385.2	7.677
385.21	7.561
385.22	7.452
385.23	7.358
385.24	7.274
385.25	7.184
385.26	7.071
385.27	6.926
385.28	6.746
385.29	6.532
385.3	6.287
385.31	6.013
385.32	5.711
385.33	5.387
385.34	5.05
385.35	4.709
385.36	4.37
385.37	4.036
385.38	3.707
385.39	3.383
385.4	3.066
385.41	2.758
385.42	2.462
385.43	2.183
385.44	1.925
385.45	1.691
385.46	1.479
385.47	1.288
385.48	1.115
385.49	0.958
385.5	0.817
385.51	0.693
385.52	0.584
385.53	0.492
385.54	0.416
385.55	0.345
385.56	0.266
385.57	0.171
385.58	0.059
385.59	-0.06
385.6	-0.175
385.61	-0.284
385.62	-0.389
385.63	-0.493
385.64	-0.6
385.65	-0.709
385.66	-0.824
385.67	-0.941
385.68	-1.059
385.69	-1.175
385.7	-1.29
385.71	-1.409
385.72	-1.537
385.73	-1.673
385.74	-1.814
385.75	-1.955
385.76	-2.093
385.77	-2.227
385.78	-2.357
385.79	-2.482
385.8	-2.598
385.81	-2.698
385.82	-2.782
385.83	-2.849
385.84	-2.899
385.85	-2.933
385.86	-2.951
385.87	-2.951
385.88	-2.935
385.89	-2.907
385.9	-2.871
385.91	-2.83
385.92	-2.784
385.93	-2.735
385.94	-2.679
385.95	-2.613
385.96	-2.53
385.97	-2.43
385.98	-2.319
385.99	-2.209
386	-2.104
386.01	-2.007
386.02	-1.916
386.03	-1.826
386.04	-1.73
386.05	-1.619
386.06	-1.491
386.07	-1.357
386.08	-1.23
386.09	-1.124
386.1	-1.041
386.11	-0.98
386.12	-0.944
386.13	-0.94
386.14	-0.981
386.15	-1.072
386.16	-1.202
386.17	-1.349
386.18	-1.494
386.19	-1.622
386.2	-1.723
386.21	-1.789
386.22	-1.813
386.23	-1.793
386.24	-1.725
386.25	-1.609
386.26	-1.442
386.27	-1.229
386.28	-0.982
386.29	-0.72
386.3	-0.465
386.31	-0.231
386.32	-0.029
386.33	0.134
386.34	0.253
386.35	0.323
386.36	0.343
386.37	0.321
386.38	0.267
386.39	0.195
386.4	0.117
386.41	0.042
386.42	-0.022
386.43	-0.074
386.44	-0.119
386.45	-0.162
386.46	-0.206
386.47	-0.248
386.48	-0.288
386.49	-0.319
386.5	-0.338
386.51	-0.34
386.52	-0.328
386.53	-0.314
386.54	-0.31
386.55	-0.322
386.56	-0.351
386.57	-0.393
386.58	-0.448
386.59	-0.521
386.6	-0.62
386.61	-0.744
386.62	-0.883
386.63	-1.022
386.64	-1.149
386.65	-1.258
386.66	-1.347
386.67	-1.414
386.68	-1.46
386.69	-1.486
386.7	-1.495
386.71	-1.491
386.72	-1.481
386.73	-1.466
386.74	-1.443
386.75	-1.403
386.76	-1.339
386.77	-1.251
386.78	-1.142
386.79	-1.015
386.8	-0.878
386.81	-0.735
386.82	-0.593
386.83	-0.462
386.84	-0.352
386.85	-0.271
386.86	-0.208
386.87	-0.143
386.88	-0.059
386.89	0.047
386.9	0.162
386.91	0.275
386.92	0.378
386.93	0.471
386.94	0.558
386.95	0.639
386.96	0.713
386.97	0.778
386.98	0.828
386.99	0.859
387	0.867
387.01	0.85
387.02	0.809
387.03	0.749
387.04	0.674
387.05	0.594
387.06	0.517
387.07	0.45
387.08	0.4
387.09	0.372
387.1	0.363
387.11	0.363
387.12	0.359
387.13	0.344
387.14	0.316
387.15	0.276
387.16	0.225
387.17	0.17
387.18	0.117
387.19	0.068
387.2	0.024
387.21	-0.02
387.22	-0.066
387.23	-0.118
387.24	-0.181
387.25	-0.255
387.26	-0.338
387.27	-0.427
387.28	-0.519
387.29	-0.61
387.3	-0.699
387.31	-0.782
387.32	-0.852
387.33	-0.902
387.34	-0.931
387.35	-0.949
387.36	-0.972
387.37	-1.012
387.38	-1.058
387.39	-1.093
387.4	-1.1
387.41	-1.074
387.42	-1.02
387.43	-0.943
387.44	-0.845
387.45	-0.726
387.46	-0.588
387.47	-0.437
387.48	-0.282
387.49	-0.132
387.5	0.012
387.51	0.149
387.52	0.282
387.53	0.415
387.54	0.555
387.55	0.71
387.56	0.875
387.57	1.034
387.58	1.166
387.59	1.263
387.6	1.326
387.61	1.362
387.62	1.383
387.63	1.401
387.64	1.429
387.65	1.467
387.66	1.503
387.67	1.517
387.68	1.498
387.69	1.45
387.7	1.379
387.71	1.297
387.72	1.222
387.73	1.173
387.74	1.162
387.75	1.198
387.76	1.283
387.77	1.414
387.78	1.58
387.79	1.767
387.8	1.957
387.81	2.129
387.82	2.263
387.83	2.34
387.84	2.352
387.85	2.298
387.86	2.178
387.87	1.996
387.88	1.75
387.89	1.445
387.9	1.092
387.91	0.706
387.92	0.307
387.93	-0.081
387.94	-0.427
387.95	-0.706
387.96	-0.897
387.97	-0.988
387.98	-0.974
387.99	-0.865
388	-0.688
388.01	-0.472
388.02	-0.235
388.03	0.019
388.04	0.291
388.05	0.575
388.06	0.865
388.07	1.153
388.08	1.426
388.09	1.664
388.1	1.846
388.11	1.964
388.12	2.015
388.13	2.003
388.14	1.935
388.15	1.82
388.16	1.669
388.17	1.494
388.18	1.31
388.19	1.131
388.2	0.968
388.21	0.819
388.22	0.683
388.23	0.559
388.24	0.448
388.25	0.353
388.26	0.273
388.27	0.205
388.28	0.143
388.29	0.084
388.3	0.024
388.31	-0.039
388.32	-0.107
388.33	-0.181
388.34	-0.264
388.35	-0.354
388.36	-0.451
388.37	-0.551
388.38	-0.652
388.39	-0.75
388.4	-0.842
388.41	-0.925
388.42	-0.995
388.43	-1.047
388.44	-1.079
388.45	-1.094
388.46	-1.096
388.47	-1.091
388.48	-1.086
388.49	-1.088
388.5	-1.101
388.51	-1.122
388.52	-1.146
388.53	-1.164
388.54	-1.177
388.55	-1.184
388.56	-1.188
388.57	-1.187
388.58	-1.179
388.59	-1.162
388.6	-1.137
388.61	-1.109
388.62	-1.083
388.63	-1.058
388.64	-1.028
388.65	-0.986
388.66	-0.931
388.67	-0.863
388.68	-0.785
388.69	-0.703
388.7	-0.628
388.71	-0.572
388.72	-0.539
388.73	-0.53
388.74	-0.54
388.75	-0.568
388.76	-0.613
388.77	-0.675
388.78	-0.754
388.79	-0.85
388.8	-0.967
388.81	-1.097
388.82	-1.221
388.83	-1.319
388.84	-1.38
388.85	-1.405
388.86	-1.403
388.87	-1.383
388.88	-1.354
388.89	-1.326
388.9	-1.304
388.91	-1.292
388.92	-1.291
388.93	-1.299
388.94	-1.307
388.95	-1.308
388.96	-1.297
388.97	-1.275
388.98	-1.246
388.99	-1.216
389	-1.193
389.01	-1.182
389.02	-1.189
389.03	-1.216
389.04	-1.266
389.05	-1.336
389.06	-1.423
389.07	-1.522
389.08	-1.627
389.09	-1.736
389.1	-1.849
389.11	-1.962
389.12	-2.071
389.13	-2.167
389.14	-2.241
389.15	-2.291
389.16	-2.314
389.17	-2.308
389.18	-2.271
389.19	-2.196
389.2	-2.082
389.21	-1.932
389.22	-1.755
389.23	-1.561
389.24	-1.36
389.25	-1.162
389.26	-0.976
389.27	-0.807
389.28	-0.659
389.29	-0.534
389.3	-0.434
389.31	-0.363
389.32	-0.324
389.33	-0.317
389.34	-0.335
389.35	-0.373
389.36	-0.423
389.37	-0.481
389.38	-0.541
389.39	-0.599
389.4	-0.651
389.41	-0.696
389.42	-0.733
389.43	-0.765
389.44	-0.795
389.45	-0.824
389.46	-0.844
389.47	-0.847
389.48	-0.826
389.49	-0.775
389.5	-0.69
389.51	-0.574
389.52	-0.442
389.53	-0.312
389.54	-0.198
389.55	-0.104
389.56	-0.033
389.57	0.019
389.58	0.061
389.59	0.105
389.6	0.158
389.61	0.221
389.62	0.29
389.63	0.362
389.64	0.428
389.65	0.482
389.66	0.519
389.67	0.533
389.68	0.518
389.69	0.474
389.7	0.41
389.71	0.34
389.72	0.277
389.73	0.23
389.74	0.202
389.75	0.194
389.76	0.205
389.77	0.23
389.78	0.266
389.79	0.311
389.8	0.368
389.81	0.437
389.82	0.515
389.83	0.59
389.84	0.651
389.85	0.69
389.86	0.698
389.87	0.67
389.88	0.609
389.89	0.528
389.9	0.439
389.91	0.357
389.92	0.295
389.93	0.261
389.94	0.257
389.95	0.278
389.96	0.312
389.97	0.349
389.98	0.377
389.99	0.383
390	0.368
390.01	0.342
390.02	0.321
390.03	0.317
390.04	0.341
390.05	0.399
390.06	0.489
390.07	0.595
390.08	0.696
390.09	0.775
390.1	0.826
390.11	0.845
390.12	0.836
390.13	0.804
390.14	0.759
390.15	0.71
390.16	0.661
390.17	0.613
390.18	0.566
390.19	0.512
390.2	0.44
390.21	0.345
390.22	0.237
390.23	0.134
390.24	0.053
390.25	0.008
390.26	0.003
390.27	0.04
390.28	0.108
390.29	0.188
390.3	0.263
390.31	0.322
390.32	0.363
390.33	0.388
390.34	0.401
390.35	0.413
390.36	0.429
390.37	0.455
390.38	0.491
390.39	0.532
390.4	0.576
390.41	0.614
390.42	0.64
390.43	0.651
390.44	0.652
390.45	0.65
390.46	0.651
390.47	0.662
390.48	0.692
390.49	0.739
390.5	0.795
390.51	0.845
390.52	0.883
390.53	0.908
390.54	0.93
390.55	0.95
390.56	0.968
390.57	0.979
390.58	0.984
390.59	0.982
390.6	0.978
390.61	0.974
390.62	0.966
390.63	0.95
390.64	0.919
390.65	0.873
390.66	0.809
390.67	0.732
390.68	0.649
390.69	0.574
390.7	0.515
390.71	0.476
390.72	0.452
390.73	0.439
390.74	0.43
390.75	0.421
390.76	0.411
390.77	0.398
390.78	0.388
390.79	0.384
390.8	0.389
390.81	0.404
390.82	0.43
390.83	0.467
390.84	0.514
390.85	0.568
390.86	0.628
390.87	0.688
390.88	0.744
390.89	0.795
390.9	0.839
390.91	0.875
390.92	0.898
390.93	0.896
390.94	0.859
390.95	0.786
390.96	0.681
390.97	0.557
390.98	0.422
390.99	0.287
391	0.162
391.01	0.05
391.02	-0.051
391.03	-0.147
391.04	-0.239
391.05	-0.325
391.06	-0.401
391.07	-0.462
391.08	-0.506
391.09	-0.528
391.1	-0.527
391.11	-0.504
391.12	-0.459
391.13	-0.396
391.14	-0.318
391.15	-0.231
391.16	-0.139
391.17	-0.049
391.18	0.031
391.19	0.096
391.2	0.144
391.21	0.171
391.22	0.179
391.23	0.168
391.24	0.144
391.25	0.11
391.26	0.065
391.27	0.009
391.28	-0.058
391.29	-0.131
391.3	-0.2
391.31	-0.255
391.32	-0.285
391.33	-0.276
391.34	-0.22
391.35	-0.114
391.36	0.042
391.37	0.239
391.38	0.466
391.39	0.697
391.4	0.913
391.41	1.098
391.42	1.238
391.43	1.329
391.44	1.375
391.45	1.389
391.46	1.387
391.47	1.378
391.48	1.367
391.49	1.353
391.5	1.337
391.51	1.322
391.52	1.307
391.53	1.295
391.54	1.284
391.55	1.273
391.56	1.263
391.57	1.252
391.58	1.241
391.59	1.228
391.6	1.213
391.61	1.194
391.62	1.17
391.63	1.145
391.64	1.119
391.65	1.098
391.66	1.092
391.67	1.109
391.68	1.153
391.69	1.214
391.7	1.275
391.71	1.323
391.72	1.351
391.73	1.356
391.74	1.338
391.75	1.298
391.76	1.236
391.77	1.157
391.78	1.068
391.79	0.976
391.8	0.891
391.81	0.813
391.82	0.744
391.83	0.68
391.84	0.617
391.85	0.547
391.86	0.467
391.87	0.378
391.88	0.288
391.89	0.205
391.9	0.133
391.91	0.068
391.92	0.009
391.93	-0.047
391.94	-0.107
391.95	-0.171
391.96	-0.239
391.97	-0.304
391.98	-0.357
391.99	-0.391
392	-0.395
392.01	-0.364
392.02	-0.302
392.03	-0.222
392.04	-0.138
392.05	-0.065
392.06	-0.017
392.07	-0.004
392.08	-0.031
392.09	-0.092
392.1	-0.179
392.11	-0.283
392.12	-0.395
392.13	-0.505
392.14	-0.607
392.15	-0.696
392.16	-0.771
392.17	-0.827
392.18	-0.86
392.19	-0.864
392.2	-0.839
392.21	-0.784
392.22	-0.7
392.23	-0.59
392.24	-0.456
392.25	-0.297
392.26	-0.12
392.27	0.069
392.28	0.257
392.29	0.437
392.3	0.601
392.31	0.74
392.32	0.856
392.33	0.953
392.34	1.044
392.35	1.133
392.36	1.217
392.37	1.285
392.38	1.331
392.39	1.349
392.4	1.339
392.41	1.3
392.42	1.235
392.43	1.146
392.44	1.036
392.45	0.905
392.46	0.751
392.47	0.579
392.48	0.4
392.49	0.233
392.5	0.09
392.51	-0.026
392.52	-0.121
392.53	-0.203
392.54	-0.27
392.55	-0.312
392.56	-0.324
392.57	-0.312
392.58	-0.289
392.59	-0.271
392.6	-0.264
392.61	-0.264
392.62	-0.266
392.63	-0.265
392.64	-0.26
392.65	-0.249
392.66	-0.232
392.67	-0.206
392.68	-0.172
392.69	-0.128
392.7	-0.076
392.71	-0.016
392.72	0.048
392.73	0.11
392.74	0.163
392.75	0.206
392.76	0.244
392.77	0.282
392.78	0.322
392.79	0.354
392.8	0.365
392.81	0.347
392.82	0.298
392.83	0.217
392.84	0.107
392.85	-0.031
392.86	-0.195
392.87	-0.382
392.88	-0.59
392.89	-0.816
392.9	-1.056
392.91	-1.3
392.92	-1.538
392.93	-1.763
392.94	-1.97
392.95	-2.157
392.96	-2.324
392.97	-2.464
392.98	-2.573
392.99	-2.646
393	-2.678
393.01	-2.664
393.02	-2.602
393.03	-2.496
393.04	-2.351
393.05	-2.175
393.06	-1.971
393.07	-1.741
393.08	-1.49
393.09	-1.23
393.1	-0.982
393.11	-0.763
393.12	-0.587
393.13	-0.466
393.14	-0.405
393.15	-0.404
393.16	-0.454
393.17	-0.547
393.18	-0.674
393.19	-0.828
393.2	-1.002
393.21	-1.188
393.22	-1.376
393.23	-1.557
393.24	-1.723
393.25	-1.87
393.26	-1.994
393.27	-2.095
393.28	-2.174
393.29	-2.237
393.3	-2.287
393.31	-2.326
393.32	-2.357
393.33	-2.381
393.34	-2.4
393.35	-2.416
393.36	-2.426
393.37	-2.417
393.38	-2.373
393.39	-2.286
393.4	-2.16
393.41	-2
393.42	-1.818
393.43	-1.62
393.44	-1.415
393.45	-1.21
393.46	-1.008
393.47	-0.81
393.48	-0.621
393.49	-0.447
393.5	-0.298
393.51	-0.178
393.52	-0.086
393.53	-0.018
393.54	0.03
393.55	0.061
393.56	0.074
393.57	0.073
393.58	0.065
393.59	0.057
393.6	0.058
393.61	0.074
393.62	0.107
393.63	0.158
393.64	0.225
393.65	0.306
393.66	0.396
393.67	0.489
393.68	0.576
393.69	0.651
393.7	0.71
393.71	0.751
393.72	0.776
393.73	0.777
393.74	0.748
393.75	0.678
393.76	0.562
393.77	0.392
393.78	0.163
393.79	-0.119
393.8	-0.443
393.81	-0.795
393.82	-1.156
393.83	-1.503
393.84	-1.816
393.85	-2.078
393.86	-2.275
393.87	-2.396
393.88	-2.433
393.89	-2.374
393.9	-2.213
393.91	-1.953
393.92	-1.608
393.93	-1.195
393.94	-0.739
393.95	-0.274
393.96	0.165
393.97	0.554
393.98	0.884
393.99	1.153
394	1.366
394.01	1.529
394.02	1.652
394.03	1.741
394.04	1.798
394.05	1.824
394.06	1.817
394.07	1.778
394.08	1.705
394.09	1.603
394.1	1.475
394.11	1.329
394.12	1.172
394.13	1.019
394.14	0.883
394.15	0.775
394.16	0.693
394.17	0.626
394.18	0.564
394.19	0.497
394.2	0.421
394.21	0.332
394.22	0.236
394.23	0.142
394.24	0.06
394.25	-0.006
394.26	-0.054
394.27	-0.084
394.28	-0.096
394.29	-0.09
394.3	-0.066
394.31	-0.026
394.32	0.027
394.33	0.092
394.34	0.167
394.35	0.254
394.36	0.354
394.37	0.464
394.38	0.579
394.39	0.692
394.4	0.799
394.41	0.895
394.42	0.979
394.43	1.047
394.44	1.093
394.45	1.112
394.46	1.101
394.47	1.062
394.48	0.998
394.49	0.915
394.5	0.825
394.51	0.739
394.52	0.663
394.53	0.589
394.54	0.509
394.55	0.42
394.56	0.335
394.57	0.268
394.58	0.23
394.59	0.222
394.6	0.238
394.61	0.273
394.62	0.316
394.63	0.362
394.64	0.401
394.65	0.428
394.66	0.44
394.67	0.433
394.68	0.408
394.69	0.366
394.7	0.31
394.71	0.241
394.72	0.159
394.73	0.065
394.74	-0.036
394.75	-0.136
394.76	-0.23
394.77	-0.31
394.78	-0.37
394.79	-0.404
394.8	-0.411
394.81	-0.392
394.82	-0.35
394.83	-0.288
394.84	-0.212
394.85	-0.125
394.86	-0.032
394.87	0.064
394.88	0.16
394.89	0.249
394.9	0.322
394.91	0.369
394.92	0.384
394.93	0.365
394.94	0.311
394.95	0.227
394.96	0.12
394.97	-0.001
394.98	-0.127
394.99	-0.244
395	-0.342
395.01	-0.412
395.02	-0.449
395.03	-0.45
395.04	-0.416
395.05	-0.353
395.06	-0.267
395.07	-0.169
395.08	-0.068
395.09	0.027
395.1	0.107
395.11	0.173
395.12	0.224
395.13	0.263
395.14	0.29
395.15	0.306
395.16	0.312
395.17	0.313
395.18	0.311
395.19	0.31
395.2	0.308
395.21	0.303
395.22	0.292
395.23	0.277
395.24	0.26
395.25	0.244
395.26	0.233
395.27	0.231
395.28	0.239
395.29	0.25
395.3	0.252
395.31	0.234
395.32	0.201
395.33	0.163
395.34	0.133
395.35	0.115
395.36	0.107
395.37	0.103
395.38	0.101
395.39	0.092
395.4	0.075
395.41	0.047
395.42	0.01
395.43	-0.032
395.44	-0.076
395.45	-0.117
395.46	-0.15
395.47	-0.173
395.48	-0.185
395.49	-0.184
395.5	-0.174
395.51	-0.157
395.52	-0.136
395.53	-0.111
395.54	-0.073
395.55	-0.016
395.56	0.062
395.57	0.155
395.58	0.258
395.59	0.363
395.6	0.471
395.61	0.579
395.62	0.687
395.63	0.797
395.64	0.91
395.65	1.022
395.66	1.123
395.67	1.201
395.68	1.255
395.69	1.293
395.7	1.329
395.71	1.369
395.72	1.406
395.73	1.425
395.74	1.419
395.75	1.38
395.76	1.307
395.77	1.201
395.78	1.073
395.79	0.935
395.8	0.8
395.81	0.675
395.82	0.564
395.83	0.47
395.84	0.393
395.85	0.33
395.86	0.278
395.87	0.238
395.88	0.208
395.89	0.189
395.9	0.187
395.91	0.209
395.92	0.26
395.93	0.337
395.94	0.428
395.95	0.521
395.96	0.607
395.97	0.68
395.98	0.737
395.99	0.782
396	0.827
396.01	0.88
396.02	0.944
396.03	1.008
396.04	1.06
396.05	1.091
396.06	1.096
396.07	1.072
396.08	1.018
396.09	0.935
396.1	0.824
396.11	0.693
396.12	0.559
396.13	0.437
396.14	0.338
396.15	0.269
396.16	0.232
396.17	0.219
396.18	0.212
396.19	0.188
396.2	0.136
396.21	0.057
396.22	-0.04
396.23	-0.145
396.24	-0.251
396.25	-0.351
396.26	-0.442
396.27	-0.525
396.28	-0.603
396.29	-0.678
396.3	-0.747
396.31	-0.804
396.32	-0.847
396.33	-0.874
396.34	-0.886
396.35	-0.887
396.36	-0.878
396.37	-0.862
396.38	-0.843
396.39	-0.83
396.4	-0.836
396.41	-0.868
396.42	-0.923
396.43	-0.99
396.44	-1.057
396.45	-1.116
396.46	-1.162
396.47	-1.192
396.48	-1.207
396.49	-1.213
396.5	-1.214
396.51	-1.21
396.52	-1.195
396.53	-1.166
396.54	-1.121
396.55	-1.064
396.56	-0.999
396.57	-0.932
396.58	-0.871
396.59	-0.822
396.6	-0.788
396.61	-0.766
396.62	-0.752
396.63	-0.747
396.64	-0.755
396.65	-0.781
396.66	-0.824
396.67	-0.878
396.68	-0.937
396.69	-0.996
396.7	-1.059
396.71	-1.132
396.72	-1.214
396.73	-1.303
396.74	-1.392
396.75	-1.474
396.76	-1.541
396.77	-1.581
396.78	-1.587
396.79	-1.55
396.8	-1.461
396.81	-1.322
396.82	-1.144
396.83	-0.947
396.84	-0.745
396.85	-0.554
396.86	-0.384
396.87	-0.24
396.88	-0.123
396.89	-0.028
396.9	0.049
396.91	0.106
396.92	0.14
396.93	0.15
396.94	0.136
396.95	0.101
396.96	0.047
396.97	-0.017
396.98	-0.084
396.99	-0.149
397	-0.212
397.01	-0.282
397.02	-0.366
397.03	-0.473
397.04	-0.611
397.05	-0.781
397.06	-0.978
397.07	-1.185
397.08	-1.384
397.09	-1.563
397.1	-1.709
397.11	-1.815
397.12	-1.875
397.13	-1.884
397.14	-1.843
397.15	-1.756
397.16	-1.633
397.17	-1.484
397.18	-1.318
397.19	-1.137
397.2	-0.943
397.21	-0.738
397.22	-0.53
397.23	-0.328
397.24	-0.134
397.25	0.053
397.26	0.242
397.27	0.435
397.28	0.631
397.29	0.827
397.3	1.02
397.31	1.204
397.32	1.372
397.33	1.521
397.34	1.652
397.35	1.772
397.36	1.88
397.37	1.973
397.38	2.037
397.39	2.064
397.4	2.052
397.41	2.007
397.42	1.936
397.43	1.847
397.44	1.752
397.45	1.657
397.46	1.562
397.47	1.463
397.48	1.354
397.49	1.24
397.5	1.132
397.51	1.042
397.52	0.975
397.53	0.93
397.54	0.904
397.55	0.9
397.56	0.926
397.57	0.987
397.58	1.085
397.59	1.216
397.6	1.373
397.61	1.553
397.62	1.758
397.63	1.989
397.64	2.244
397.65	2.516
397.66	2.798
397.67	3.08
397.68	3.349
397.69	3.594
397.7	3.806
397.71	3.971
397.72	4.08
397.73	4.127
397.74	4.107
397.75	4.019
397.76	3.866
397.77	3.66
397.78	3.413
397.79	3.136
397.8	2.834
397.81	2.507
397.82	2.161
397.83	1.804
397.84	1.453
397.85	1.122
397.86	0.823
397.87	0.569
397.88	0.367
397.89	0.212
397.9	0.095
397.91	0.003
397.92	-0.075
397.93	-0.146
397.94	-0.218
397.95	-0.295
397.96	-0.379
397.97	-0.473
397.98	-0.578
397.99	-0.698
398	-0.836
398.01	-0.987
398.02	-1.145
398.03	-1.301
398.04	-1.443
398.05	-1.559
398.06	-1.637
398.07	-1.668
398.08	-1.645
398.09	-1.563
398.1	-1.423
398.11	-1.229
398.12	-0.991
398.13	-0.723
398.14	-0.449
398.15	-0.19
398.16	0.038
398.17	0.223
398.18	0.358
398.19	0.442
398.2	0.476
398.21	0.465
398.22	0.414
398.23	0.33
398.24	0.219
398.25	0.09
398.26	-0.048
398.27	-0.186
398.28	-0.319
398.29	-0.44
398.3	-0.546
398.31	-0.634
398.32	-0.698
398.33	-0.733
398.34	-0.742
398.35	-0.74
398.36	-0.745
398.37	-0.765
398.38	-0.799
398.39	-0.837
398.4	-0.872
398.41	-0.903
398.42	-0.931
398.43	-0.96
398.44	-0.994
398.45	-1.035
398.46	-1.087
398.47	-1.15
398.48	-1.227
398.49	-1.315
398.5	-1.413
398.51	-1.52
398.52	-1.632
398.53	-1.744
398.54	-1.849
398.55	-1.944
398.56	-2.032
398.57	-2.121
398.58	-2.219
398.59	-2.33
398.6	-2.456
398.61	-2.597
398.62	-2.748
398.63	-2.901
398.64	-3.046
398.65	-3.177
398.66	-3.282
398.67	-3.355
398.68	-3.396
398.69	-3.411
398.7	-3.405
398.71	-3.382
398.72	-3.335
398.73	-3.258
398.74	-3.151
398.75	-3.013
398.76	-2.848
398.77	-2.665
398.78	-2.478
398.79	-2.305
398.8	-2.156
398.81	-2.04
398.82	-1.962
398.83	-1.917
398.84	-1.89
398.85	-1.862
398.86	-1.826
398.87	-1.787
398.88	-1.757
398.89	-1.739
398.9	-1.735
398.91	-1.739
398.92	-1.746
398.93	-1.742
398.94	-1.713
398.95	-1.654
398.96	-1.571
398.97	-1.478
398.98	-1.382
398.99	-1.286
399	-1.19
399.01	-1.092
399.02	-0.997
399.03	-0.908
399.04	-0.827
399.05	-0.749
399.06	-0.665
399.07	-0.569
399.08	-0.458
399.09	-0.336
399.1	-0.208
399.11	-0.082
399.12	0.031
399.13	0.123
399.14	0.19
399.15	0.235
399.16	0.259
399.17	0.264
399.18	0.25
399.19	0.217
399.2	0.171
399.21	0.123
399.22	0.083
399.23	0.053
399.24	0.032
399.25	0.014
399.26	0.001
399.27	-0.001
399.28	0.017
399.29	0.059
399.3	0.124
399.31	0.21
399.32	0.311
399.33	0.408
399.34	0.485
399.35	0.538
399.36	0.571
399.37	0.594
399.38	0.61
399.39	0.622
399.4	0.628
399.41	0.63
399.42	0.634
399.43	0.647
399.44	0.675
399.45	0.722
399.46	0.791
399.47	0.879
399.48	0.984
399.49	1.099
399.5	1.219
399.51	1.339
399.52	1.455
399.53	1.563
399.54	1.662
399.55	1.749
399.56	1.822
399.57	1.878
399.58	1.913
399.59	1.928
399.6	1.925
399.61	1.909
399.62	1.883
399.63	1.845
399.64	1.787
399.65	1.702
399.66	1.598
399.67	1.489
399.68	1.39
399.69	1.311
399.7	1.256
399.71	1.228
399.72	1.226
399.73	1.253
399.74	1.308
399.75	1.384
399.76	1.477
399.77	1.578
399.78	1.677
399.79	1.767
399.8	1.837
399.81	1.885
399.82	1.908
399.83	1.906
399.84	1.88
399.85	1.833
399.86	1.768
399.87	1.691
399.88	1.608
399.89	1.528
399.9	1.457
399.91	1.404
399.92	1.374
399.93	1.367
399.94	1.377
399.95	1.399
399.96	1.418
399.97	1.418
399.98	1.383
399.99	1.303
