250	-0.099
250.01	-0.177
250.02	-0.272
250.03	-0.383
250.04	-0.503
250.05	-0.623
250.06	-0.728
250.07	-0.81
250.08	-0.86
250.09	-0.877
250.1	-0.862
250.11	-0.816
250.12	-0.744
250.13	-0.652
250.14	-0.546
250.15	-0.433
250.16	-0.319
250.17	-0.208
250.18	-0.105
250.19	-0.013
250.2	0.065
250.21	0.126
250.22	0.17
250.23	0.197
250.24	0.207
250.25	0.204
250.26	0.193
250.27	0.184
250.28	0.185
250.29	0.205
250.3	0.248
250.31	0.32
250.32	0.416
250.33	0.528
250.34	0.646
250.35	0.762
250.36	0.871
250.37	0.968
250.38	1.051
250.39	1.12
250.4	1.174
250.41	1.215
250.42	1.247
250.43	1.271
250.44	1.288
250.45	1.296
250.46	1.292
250.47	1.275
250.48	1.249
250.49	1.219
250.5	1.19
250.51	1.166
250.52	1.146
250.53	1.131
250.54	1.113
250.55	1.083
250.56	1.038
250.57	0.975
250.58	0.896
250.59	0.804
250.6	0.708
250.61	0.615
250.62	0.532
250.63	0.463
250.64	0.41
250.65	0.371
250.66	0.341
250.67	0.308
250.68	0.266
250.69	0.215
250.7	0.161
250.71	0.109
250.72	0.074
250.73	0.067
250.74	0.1
250.75	0.169
250.76	0.265
250.77	0.377
250.78	0.495
250.79	0.614
250.8	0.727
250.81	0.827
250.82	0.904
250.83	0.954
250.84	0.978
250.85	0.983
250.86	0.975
250.87	0.957
250.88	0.924
250.89	0.871
250.9	0.796
250.91	0.698
250.92	0.578
250.93	0.441
250.94	0.292
250.95	0.139
250.96	-0.013
250.97	-0.164
250.98	-0.31
250.99	-0.451
251	-0.58
251.01	-0.69
251.02	-0.777
251.03	-0.833
251.04	-0.852
251.05	-0.832
251.06	-0.775
251.07	-0.685
251.08	-0.569
251.09	-0.439
251.1	-0.305
251.11	-0.179
251.12	-0.07
251.13	0.012
251.14	0.064
251.15	0.085
251.16	0.078
251.17	0.045
251.18	-0.009
251.19	-0.082
251.2	-0.171
251.21	-0.268
251.22	-0.364
251.23	-0.452
251.24	-0.525
251.25	-0.581
251.26	-0.617
251.27	-0.636
251.28	-0.644
251.29	-0.646
251.3	-0.648
251.31	-0.655
251.32	-0.673
251.33	-0.706
251.34	-0.762
251.35	-0.843
251.36	-0.944
251.37	-1.048
251.38	-1.139
251.39	-1.21
251.4	-1.265
251.41	-1.308
251.42	-1.347
251.43	-1.388
251.44	-1.436
251.45	-1.495
251.46	-1.566
251.47	-1.648
251.48	-1.739
251.49	-1.835
251.5	-1.932
251.51	-2.025
251.52	-2.112
251.53	-2.19
251.54	-2.257
251.55	-2.315
251.56	-2.366
251.57	-2.41
251.58	-2.449
251.59	-2.484
251.6	-2.515
251.61	-2.536
251.62	-2.543
251.63	-2.533
251.64	-2.507
251.65	-2.47
251.66	-2.428
251.67	-2.395
251.68	-2.386
251.69	-2.406
251.7	-2.445
251.71	-2.484
251.72	-2.512
251.73	-2.525
251.74	-2.525
251.75	-2.512
251.76	-2.483
251.77	-2.431
251.78	-2.352
251.79	-2.251
251.8	-2.136
251.81	-2.015
251.82	-1.888
251.83	-1.751
251.84	-1.601
251.85	-1.441
251.86	-1.276
251.87	-1.114
251.88	-0.962
251.89	-0.827
251.9	-0.714
251.91	-0.623
251.92	-0.549
251.93	-0.488
251.94	-0.441
251.95	-0.414
251.96	-0.411
251.97	-0.431
251.98	-0.464
251.99	-0.502
252	-0.536
252.01	-0.561
252.02	-0.574
252.03	-0.572
252.04	-0.549
252.05	-0.503
252.06	-0.43
252.07	-0.326
252.08	-0.189
252.09	-0.024
252.1	0.151
252.11	0.32
252.12	0.472
252.13	0.604
252.14	0.718
252.15	0.815
252.16	0.899
252.17	0.968
252.18	1.024
252.19	1.063
252.2	1.079
252.21	1.072
252.22	1.044
252.23	0.998
252.24	0.939
252.25	0.877
252.26	0.821
252.27	0.778
252.28	0.754
252.29	0.755
252.3	0.781
252.31	0.826
252.32	0.881
252.33	0.938
252.34	0.996
252.35	1.056
252.36	1.122
252.37	1.196
252.38	1.279
252.39	1.373
252.4	1.472
252.41	1.573
252.42	1.667
252.43	1.747
252.44	1.805
252.45	1.835
252.46	1.833
252.47	1.799
252.48	1.731
252.49	1.637
252.5	1.522
252.51	1.393
252.52	1.256
252.53	1.109
252.54	0.954
252.55	0.792
252.56	0.63
252.57	0.473
252.58	0.327
252.59	0.195
252.6	0.083
252.61	-0.009
252.62	-0.078
252.63	-0.126
252.64	-0.155
252.65	-0.172
252.66	-0.184
252.67	-0.188
252.68	-0.177
252.69	-0.143
252.7	-0.088
252.71	-0.025
252.72	0.031
252.73	0.069
252.74	0.077
252.75	0.05
252.76	-0.013
252.77	-0.107
252.78	-0.225
252.79	-0.355
252.8	-0.48
252.81	-0.583
252.82	-0.654
252.83	-0.686
252.84	-0.677
252.85	-0.63
252.86	-0.558
252.87	-0.472
252.88	-0.379
252.89	-0.275
252.9	-0.151
252.91	-0.002
252.92	0.172
252.93	0.371
252.94	0.588
252.95	0.813
252.96	1.034
252.97	1.242
252.98	1.428
252.99	1.586
253	1.713
253.01	1.807
253.02	1.87
253.03	1.903
253.04	1.911
253.05	1.899
253.06	1.869
253.07	1.825
253.08	1.767
253.09	1.696
253.1	1.621
253.11	1.55
253.12	1.489
253.13	1.44
253.14	1.395
253.15	1.35
253.16	1.307
253.17	1.268
253.18	1.238
253.19	1.217
253.2	1.204
253.21	1.194
253.22	1.188
253.23	1.184
253.24	1.181
253.25	1.175
253.26	1.161
253.27	1.134
253.28	1.093
253.29	1.039
253.3	0.973
253.31	0.9
253.32	0.826
253.33	0.757
253.34	0.695
253.35	0.645
253.36	0.606
253.37	0.58
253.38	0.565
253.39	0.563
253.4	0.57
253.41	0.584
253.42	0.602
253.43	0.621
253.44	0.639
253.45	0.656
253.46	0.67
253.47	0.679
253.48	0.682
253.49	0.677
253.5	0.661
253.51	0.635
253.52	0.597
253.53	0.549
253.54	0.491
253.55	0.428
253.56	0.368
253.57	0.317
253.58	0.281
253.59	0.254
253.6	0.23
253.61	0.202
253.62	0.163
253.63	0.105
253.64	0.029
253.65	-0.052
253.66	-0.122
253.67	-0.17
253.68	-0.192
253.69	-0.192
253.7	-0.173
253.71	-0.143
253.72	-0.107
253.73	-0.072
253.74	-0.046
253.75	-0.032
253.76	-0.033
253.77	-0.042
253.78	-0.046
253.79	-0.038
253.8	-0.015
253.81	0.02
253.82	0.062
253.83	0.104
253.84	0.141
253.85	0.168
253.86	0.185
253.87	0.199
253.88	0.213
253.89	0.231
253.9	0.25
253.91	0.268
253.92	0.281
253.93	0.283
253.94	0.27
253.95	0.242
253.96	0.2
253.97	0.149
253.98	0.092
253.99	0.032
254	-0.03
254.01	-0.086
254.02	-0.127
254.03	-0.145
254.04	-0.144
254.05	-0.135
254.06	-0.133
254.07	-0.143
254.08	-0.162
254.09	-0.183
254.1	-0.201
254.11	-0.218
254.12	-0.235
254.13	-0.253
254.14	-0.275
254.15	-0.301
254.16	-0.333
254.17	-0.372
254.18	-0.419
254.19	-0.473
254.2	-0.529
254.21	-0.585
254.22	-0.632
254.23	-0.657
254.24	-0.648
254.25	-0.601
254.26	-0.522
254.27	-0.422
254.28	-0.312
254.29	-0.205
254.3	-0.113
254.31	-0.044
254.32	-0.006
254.33	-0.005
254.34	-0.042
254.35	-0.119
254.36	-0.234
254.37	-0.382
254.38	-0.553
254.39	-0.735
254.4	-0.919
254.41	-1.099
254.42	-1.272
254.43	-1.433
254.44	-1.572
254.45	-1.674
254.46	-1.732
254.47	-1.742
254.48	-1.705
254.49	-1.628
254.5	-1.523
254.51	-1.402
254.52	-1.278
254.53	-1.157
254.54	-1.042
254.55	-0.935
254.56	-0.844
254.57	-0.78
254.58	-0.754
254.59	-0.773
254.6	-0.841
254.61	-0.958
254.62	-1.119
254.63	-1.311
254.64	-1.524
254.65	-1.744
254.66	-1.959
254.67	-2.157
254.68	-2.327
254.69	-2.453
254.7	-2.526
254.71	-2.542
254.72	-2.506
254.73	-2.423
254.74	-2.298
254.75	-2.13
254.76	-1.919
254.77	-1.672
254.78	-1.402
254.79	-1.121
254.8	-0.838
254.81	-0.557
254.82	-0.28
254.83	-0.011
254.84	0.249
254.85	0.498
254.86	0.73
254.87	0.936
254.88	1.106
254.89	1.236
254.9	1.329
254.91	1.392
254.92	1.427
254.93	1.436
254.94	1.417
254.95	1.37
254.96	1.301
254.97	1.214
254.98	1.115
254.99	1.011
255	0.908
255.01	0.809
255.02	0.713
255.03	0.617
255.04	0.519
255.05	0.428
255.06	0.351
255.07	0.298
255.08	0.271
255.09	0.274
255.1	0.306
255.11	0.362
255.12	0.437
255.13	0.527
255.14	0.626
255.15	0.732
255.16	0.842
255.17	0.946
255.18	1.037
255.19	1.106
255.2	1.149
255.21	1.167
255.22	1.159
255.23	1.126
255.24	1.066
255.25	0.979
255.26	0.865
255.27	0.727
255.28	0.568
255.29	0.4
255.3	0.238
255.31	0.097
255.32	-0.018
255.33	-0.119
255.34	-0.217
255.35	-0.318
255.36	-0.418
255.37	-0.511
255.38	-0.592
255.39	-0.656
255.4	-0.699
255.41	-0.72
255.42	-0.724
255.43	-0.713
255.44	-0.693
255.45	-0.664
255.46	-0.629
255.47	-0.587
255.48	-0.535
255.49	-0.471
255.5	-0.392
255.51	-0.292
255.52	-0.164
255.53	-0.014
255.54	0.143
255.55	0.29
255.56	0.412
255.57	0.504
255.58	0.562
255.59	0.591
255.6	0.6
255.61	0.6
255.62	0.6
255.63	0.603
255.64	0.61
255.65	0.621
255.66	0.639
255.67	0.665
255.68	0.699
255.69	0.733
255.7	0.754
255.71	0.754
255.72	0.732
255.73	0.691
255.74	0.634
255.75	0.557
255.76	0.455
255.77	0.326
255.78	0.172
255.79	-0.006
255.8	-0.2
255.81	-0.396
255.82	-0.578
255.83	-0.73
255.84	-0.846
255.85	-0.925
255.86	-0.97
255.87	-0.984
255.88	-0.97
255.89	-0.935
255.9	-0.886
255.91	-0.833
255.92	-0.785
255.93	-0.74
255.94	-0.689
255.95	-0.623
255.96	-0.54
255.97	-0.445
255.98	-0.345
255.99	-0.253
256	-0.186
256.01	-0.158
256.02	-0.174
256.03	-0.231
256.04	-0.321
256.05	-0.433
256.06	-0.557
256.07	-0.679
256.08	-0.79
256.09	-0.88
256.1	-0.942
256.11	-0.973
256.12	-0.975
256.13	-0.949
256.14	-0.895
256.15	-0.811
256.16	-0.694
256.17	-0.545
256.18	-0.369
256.19	-0.173
256.2	0.034
256.21	0.233
256.22	0.408
256.23	0.549
256.24	0.65
256.25	0.708
256.26	0.73
256.27	0.728
256.28	0.717
256.29	0.707
256.3	0.695
256.31	0.675
256.32	0.639
256.33	0.585
256.34	0.511
256.35	0.419
256.36	0.323
256.37	0.241
256.38	0.182
256.39	0.144
256.4	0.116
256.41	0.089
256.42	0.058
256.43	0.024
256.44	-0.015
256.45	-0.059
256.46	-0.108
256.47	-0.161
256.48	-0.212
256.49	-0.25
256.5	-0.267
256.51	-0.264
256.52	-0.25
256.53	-0.233
256.54	-0.221
256.55	-0.215
256.56	-0.216
256.57	-0.222
256.58	-0.23
256.59	-0.234
256.6	-0.231
256.61	-0.218
256.62	-0.193
256.63	-0.159
256.64	-0.122
256.65	-0.087
256.66	-0.059
256.67	-0.04
256.68	-0.03
256.69	-0.026
256.7	-0.019
256.71	0
256.72	0.03
256.73	0.058
256.74	0.072
256.75	0.065
256.76	0.037
256.77	-0.009
256.78	-0.068
256.79	-0.138
256.8	-0.217
256.81	-0.3
256.82	-0.386
256.83	-0.469
256.84	-0.548
256.85	-0.621
256.86	-0.689
256.87	-0.749
256.88	-0.798
256.89	-0.831
256.9	-0.845
256.91	-0.841
256.92	-0.821
256.93	-0.788
256.94	-0.741
256.95	-0.683
256.96	-0.612
256.97	-0.532
256.98	-0.443
256.99	-0.349
257	-0.254
257.01	-0.164
257.02	-0.081
257.03	-0.005
257.04	0.069
257.05	0.144
257.06	0.224
257.07	0.307
257.08	0.392
257.09	0.478
257.1	0.557
257.11	0.627
257.12	0.683
257.13	0.722
257.14	0.744
257.15	0.749
257.16	0.744
257.17	0.733
257.18	0.715
257.19	0.684
257.2	0.633
257.21	0.564
257.22	0.49
257.23	0.423
257.24	0.368
257.25	0.326
257.26	0.293
257.27	0.267
257.28	0.245
257.29	0.224
257.3	0.204
257.31	0.191
257.32	0.189
257.33	0.199
257.34	0.221
257.35	0.252
257.36	0.288
257.37	0.322
257.38	0.35
257.39	0.365
257.4	0.366
257.41	0.351
257.42	0.323
257.43	0.286
257.44	0.247
257.45	0.211
257.46	0.184
257.47	0.169
257.48	0.166
257.49	0.172
257.5	0.18
257.51	0.186
257.52	0.192
257.53	0.204
257.54	0.228
257.55	0.262
257.56	0.301
257.57	0.344
257.58	0.386
257.59	0.428
257.6	0.468
257.61	0.507
257.62	0.543
257.63	0.575
257.64	0.598
257.65	0.605
257.66	0.591
257.67	0.558
257.68	0.512
257.69	0.461
257.7	0.409
257.71	0.354
257.72	0.293
257.73	0.23
257.74	0.176
257.75	0.14
257.76	0.129
257.77	0.141
257.78	0.174
257.79	0.222
257.8	0.277
257.81	0.329
257.82	0.376
257.83	0.416
257.84	0.454
257.85	0.492
257.86	0.527
257.87	0.558
257.88	0.584
257.89	0.61
257.9	0.639
257.91	0.674
257.92	0.711
257.93	0.748
257.94	0.779
257.95	0.798
257.96	0.795
257.97	0.767
257.98	0.714
257.99	0.641
258	0.552
258.01	0.452
258.02	0.346
258.03	0.241
258.04	0.144
258.05	0.067
258.06	0.018
258.07	0.002
258.08	0.021
258.09	0.074
258.1	0.151
258.11	0.242
258.12	0.335
258.13	0.421
258.14	0.493
258.15	0.547
258.16	0.583
258.17	0.606
258.18	0.619
258.19	0.624
258.2	0.626
258.21	0.624
258.22	0.618
258.23	0.607
258.24	0.587
258.25	0.556
258.26	0.514
258.27	0.46
258.28	0.398
258.29	0.333
258.3	0.272
258.31	0.219
258.32	0.178
258.33	0.149
258.34	0.131
258.35	0.12
258.36	0.109
258.37	0.096
258.38	0.086
258.39	0.083
258.4	0.087
258.41	0.091
258.42	0.085
258.43	0.062
258.44	0.02
258.45	-0.039
258.46	-0.109
258.47	-0.177
258.48	-0.228
258.49	-0.255
258.5	-0.262
258.51	-0.263
258.52	-0.268
258.53	-0.283
258.54	-0.311
258.55	-0.353
258.56	-0.405
258.57	-0.465
258.58	-0.527
258.59	-0.582
258.6	-0.621
258.61	-0.638
258.62	-0.637
258.63	-0.63
258.64	-0.624
258.65	-0.622
258.66	-0.623
258.67	-0.623
258.68	-0.62
258.69	-0.613
258.7	-0.598
258.71	-0.564
258.72	-0.498
258.73	-0.39
258.74	-0.239
258.75	-0.052
258.76	0.163
258.77	0.393
258.78	0.623
258.79	0.84
258.8	1.036
258.81	1.206
258.82	1.35
258.83	1.463
258.84	1.544
258.85	1.59
258.86	1.599
258.87	1.572
258.88	1.51
258.89	1.417
258.9	1.299
258.91	1.161
258.92	1.012
258.93	0.867
258.94	0.738
258.95	0.633
258.96	0.561
258.97	0.523
258.98	0.517
258.99	0.537
259	0.572
259.01	0.616
259.02	0.665
259.03	0.718
259.04	0.771
259.05	0.814
259.06	0.841
259.07	0.848
259.08	0.835
259.09	0.807
259.1	0.769
259.11	0.724
259.12	0.675
259.13	0.622
259.14	0.567
259.15	0.51
259.16	0.456
259.17	0.416
259.18	0.403
259.19	0.422
259.2	0.466
259.21	0.52
259.22	0.572
259.23	0.619
259.24	0.664
259.25	0.709
259.26	0.756
259.27	0.803
259.28	0.85
259.29	0.887
259.3	0.904
259.31	0.893
259.32	0.851
259.33	0.78
259.34	0.686
259.35	0.569
259.36	0.426
259.37	0.259
259.38	0.072
259.39	-0.118
259.4	-0.3
259.41	-0.467
259.42	-0.619
259.43	-0.76
259.44	-0.888
259.45	-0.996
259.46	-1.076
259.47	-1.122
259.48	-1.131
259.49	-1.104
259.5	-1.045
259.51	-0.961
259.52	-0.861
259.53	-0.752
259.54	-0.634
259.55	-0.508
259.56	-0.375
259.57	-0.243
259.58	-0.118
259.59	-0.007
259.6	0.085
259.61	0.156
259.62	0.205
259.63	0.234
259.64	0.25
259.65	0.255
259.66	0.257
259.67	0.257
259.68	0.26
259.69	0.263
259.7	0.264
259.71	0.257
259.72	0.233
259.73	0.18
259.74	0.093
259.75	-0.024
259.76	-0.157
259.77	-0.296
259.78	-0.435
259.79	-0.573
259.8	-0.709
259.81	-0.841
259.82	-0.964
259.83	-1.076
259.84	-1.168
259.85	-1.232
259.86	-1.263
259.87	-1.262
259.88	-1.232
259.89	-1.178
259.9	-1.107
259.91	-1.019
259.92	-0.917
259.93	-0.808
259.94	-0.7
259.95	-0.601
259.96	-0.514
259.97	-0.438
259.98	-0.369
259.99	-0.309
260	-0.264
260.01	-0.241
260.02	-0.243
260.03	-0.273
260.04	-0.332
260.05	-0.42
260.06	-0.536
260.07	-0.678
260.08	-0.839
260.09	-1.003
260.1	-1.153
260.11	-1.282
260.12	-1.396
260.13	-1.506
260.14	-1.615
260.15	-1.715
260.16	-1.795
260.17	-1.849
260.18	-1.876
260.19	-1.879
260.2	-1.861
260.21	-1.828
260.22	-1.787
260.23	-1.742
260.24	-1.7
260.25	-1.663
260.26	-1.635
260.27	-1.618
260.28	-1.614
260.29	-1.623
260.3	-1.641
260.31	-1.665
260.32	-1.693
260.33	-1.731
260.34	-1.786
260.35	-1.86
260.36	-1.95
260.37	-2.044
260.38	-2.131
260.39	-2.199
260.4	-2.238
260.41	-2.243
260.42	-2.217
260.43	-2.166
260.44	-2.098
260.45	-2.019
260.46	-1.931
260.47	-1.836
260.48	-1.735
260.49	-1.627
260.5	-1.512
260.51	-1.389
260.52	-1.255
260.53	-1.111
260.54	-0.964
260.55	-0.832
260.56	-0.731
260.57	-0.666
260.58	-0.628
260.59	-0.604
260.6	-0.588
260.61	-0.582
260.62	-0.585
260.63	-0.601
260.64	-0.631
260.65	-0.679
260.66	-0.741
260.67	-0.813
260.68	-0.889
260.69	-0.965
260.7	-1.039
260.71	-1.109
260.72	-1.174
260.73	-1.23
260.74	-1.275
260.75	-1.305
260.76	-1.32
260.77	-1.319
260.78	-1.3
260.79	-1.267
260.8	-1.222
260.81	-1.166
260.82	-1.102
260.83	-1.028
260.84	-0.949
260.85	-0.874
260.86	-0.81
260.87	-0.764
260.88	-0.737
260.89	-0.729
260.9	-0.737
260.91	-0.756
260.92	-0.782
260.93	-0.807
260.94	-0.825
260.95	-0.829
260.96	-0.813
260.97	-0.765
260.98	-0.675
260.99	-0.54
261	-0.372
261.01	-0.189
261.02	-0.009
261.03	0.158
261.04	0.302
261.05	0.421
261.06	0.511
261.07	0.573
261.08	0.609
261.09	0.623
261.1	0.616
261.11	0.596
261.12	0.567
261.13	0.537
261.14	0.509
261.15	0.486
261.16	0.464
261.17	0.44
261.18	0.418
261.19	0.404
261.2	0.404
261.21	0.419
261.22	0.445
261.23	0.479
261.24	0.521
261.25	0.574
261.26	0.641
261.27	0.726
261.28	0.831
261.29	0.956
261.3	1.099
261.31	1.253
261.32	1.411
261.33	1.568
261.34	1.715
261.35	1.846
261.36	1.958
261.37	2.054
261.38	2.135
261.39	2.203
261.4	2.254
261.41	2.284
261.42	2.291
261.43	2.278
261.44	2.246
261.45	2.197
261.46	2.135
261.47	2.062
261.48	1.982
261.49	1.9
261.5	1.818
261.51	1.741
261.52	1.67
261.53	1.603
261.54	1.541
261.55	1.487
261.56	1.444
261.57	1.415
261.58	1.395
261.59	1.376
261.6	1.353
261.61	1.326
261.62	1.299
261.63	1.278
261.64	1.268
261.65	1.275
261.66	1.302
261.67	1.344
261.68	1.389
261.69	1.427
261.7	1.453
261.71	1.472
261.72	1.487
261.73	1.5
261.74	1.51
261.75	1.518
261.76	1.522
261.77	1.521
261.78	1.517
261.79	1.509
261.8	1.501
261.81	1.495
261.82	1.49
261.83	1.483
261.84	1.469
261.85	1.445
261.86	1.411
261.87	1.368
261.88	1.316
261.89	1.257
261.9	1.193
261.91	1.123
261.92	1.046
261.93	0.96
261.94	0.865
261.95	0.765
261.96	0.664
261.97	0.565
261.98	0.473
261.99	0.388
262	0.312
262.01	0.245
262.02	0.186
262.03	0.135
262.04	0.086
262.05	0.036
262.06	-0.017
262.07	-0.065
262.08	-0.101
262.09	-0.118
262.1	-0.115
262.11	-0.095
262.12	-0.062
262.13	-0.022
262.14	0.022
262.15	0.067
262.16	0.112
262.17	0.157
262.18	0.203
262.19	0.248
262.2	0.289
262.21	0.324
262.22	0.355
262.23	0.386
262.24	0.419
262.25	0.458
262.26	0.504
262.27	0.558
262.28	0.617
262.29	0.678
262.3	0.738
262.31	0.798
262.32	0.862
262.33	0.931
262.34	0.998
262.35	1.048
262.36	1.068
262.37	1.053
262.38	1.004
262.39	0.93
262.4	0.835
262.41	0.727
262.42	0.612
262.43	0.496
262.44	0.388
262.45	0.292
262.46	0.213
262.47	0.152
262.48	0.11
262.49	0.083
262.5	0.064
262.51	0.043
262.52	0.018
262.53	0.002
262.54	0.011
262.55	0.051
262.56	0.118
262.57	0.203
262.58	0.295
262.59	0.383
262.6	0.455
262.61	0.507
262.62	0.54
262.63	0.559
262.64	0.569
262.65	0.569
262.66	0.558
262.67	0.536
262.68	0.504
262.69	0.465
262.7	0.422
262.71	0.38
262.72	0.341
262.73	0.307
262.74	0.281
262.75	0.262
262.76	0.25
262.77	0.244
262.78	0.243
262.79	0.247
262.8	0.248
262.81	0.24
262.82	0.216
262.83	0.177
262.84	0.127
262.85	0.07
262.86	0.006
262.87	-0.063
262.88	-0.14
262.89	-0.219
262.9	-0.293
262.91	-0.356
262.92	-0.402
262.93	-0.43
262.94	-0.441
262.95	-0.439
262.96	-0.433
262.97	-0.43
262.98	-0.435
262.99	-0.445
263	-0.458
263.01	-0.472
263.02	-0.49
263.03	-0.515
263.04	-0.546
263.05	-0.58
263.06	-0.61
263.07	-0.632
263.08	-0.644
263.09	-0.645
263.1	-0.634
263.11	-0.621
263.12	-0.611
263.13	-0.607
263.14	-0.597
263.15	-0.569
263.16	-0.517
263.17	-0.445
263.18	-0.359
263.19	-0.269
263.2	-0.182
263.21	-0.105
263.22	-0.041
263.23	0.008
263.24	0.041
263.25	0.059
263.26	0.056
263.27	0.025
263.28	-0.034
263.29	-0.113
263.3	-0.202
263.31	-0.289
263.32	-0.373
263.33	-0.455
263.34	-0.536
263.35	-0.613
263.36	-0.679
263.37	-0.731
263.38	-0.767
263.39	-0.786
263.4	-0.791
263.41	-0.785
263.42	-0.774
263.43	-0.763
263.44	-0.756
263.45	-0.752
263.46	-0.751
263.47	-0.753
263.48	-0.758
263.49	-0.767
263.5	-0.775
263.51	-0.779
263.52	-0.774
263.53	-0.762
263.54	-0.752
263.55	-0.751
263.56	-0.762
263.57	-0.79
263.58	-0.834
263.59	-0.892
263.6	-0.955
263.61	-1.015
263.62	-1.071
263.63	-1.126
263.64	-1.187
263.65	-1.253
263.66	-1.317
263.67	-1.37
263.68	-1.406
263.69	-1.419
263.7	-1.408
263.71	-1.372
263.72	-1.318
263.73	-1.253
263.74	-1.183
263.75	-1.11
263.76	-1.035
263.77	-0.961
263.78	-0.899
263.79	-0.855
263.8	-0.829
263.81	-0.797
263.82	-0.735
263.83	-0.628
263.84	-0.48
263.85	-0.301
263.86	-0.1
263.87	0.115
263.88	0.345
263.89	0.588
263.9	0.849
263.91	1.136
263.92	1.451
263.93	1.79
263.94	2.145
263.95	2.506
263.96	2.859
263.97	3.187
263.98	3.474
263.99	3.706
264	3.868
264.01	3.951
264.02	3.95
264.03	3.866
264.04	3.703
264.05	3.468
264.06	3.175
264.07	2.835
264.08	2.463
264.09	2.075
264.1	1.686
264.11	1.314
264.12	0.98
264.13	0.701
264.14	0.488
264.15	0.349
264.16	0.288
264.17	0.3
264.18	0.378
264.19	0.512
264.2	0.688
264.21	0.888
264.22	1.099
264.23	1.305
264.24	1.49
264.25	1.641
264.26	1.747
264.27	1.799
264.28	1.787
264.29	1.708
264.3	1.556
264.31	1.329
264.32	1.032
264.33	0.673
264.34	0.263
264.35	-0.182
264.36	-0.638
264.37	-1.08
264.38	-1.489
264.39	-1.856
264.4	-2.181
264.41	-2.462
264.42	-2.688
264.43	-2.848
264.44	-2.933
264.45	-2.945
264.46	-2.89
264.47	-2.779
264.48	-2.625
264.49	-2.443
264.5	-2.246
264.51	-2.046
264.52	-1.849
264.53	-1.662
264.54	-1.492
264.55	-1.348
264.56	-1.235
264.57	-1.162
264.58	-1.135
264.59	-1.159
264.6	-1.226
264.61	-1.32
264.62	-1.428
264.63	-1.533
264.64	-1.624
264.65	-1.693
264.66	-1.732
264.67	-1.739
264.68	-1.714
264.69	-1.655
264.7	-1.566
264.71	-1.448
264.72	-1.306
264.73	-1.145
264.74	-0.969
264.75	-0.788
264.76	-0.61
264.77	-0.443
264.78	-0.294
264.79	-0.167
264.8	-0.067
264.81	0.007
264.82	0.054
264.83	0.076
264.84	0.077
264.85	0.065
264.86	0.048
264.87	0.03
264.88	0.007
264.89	-0.024
264.9	-0.067
264.91	-0.12
264.92	-0.181
264.93	-0.242
264.94	-0.289
264.95	-0.307
264.96	-0.288
264.97	-0.236
264.98	-0.162
264.99	-0.077
265	0.01
265.01	0.089
265.02	0.156
265.03	0.203
265.04	0.225
265.05	0.22
265.06	0.189
265.07	0.14
265.08	0.08
265.09	0.014
265.1	-0.053
265.11	-0.116
265.12	-0.176
265.13	-0.235
265.14	-0.295
265.15	-0.354
265.16	-0.408
265.17	-0.455
265.18	-0.491
265.19	-0.515
265.2	-0.524
265.21	-0.519
265.22	-0.498
265.23	-0.461
265.24	-0.409
265.25	-0.35
265.26	-0.286
265.27	-0.223
265.28	-0.16
265.29	-0.098
265.3	-0.037
265.31	0.02
265.32	0.07
265.33	0.113
265.34	0.146
265.35	0.169
265.36	0.18
265.37	0.172
265.38	0.143
265.39	0.095
265.4	0.04
265.41	-0.011
265.42	-0.046
265.43	-0.065
265.44	-0.065
265.45	-0.051
265.46	-0.027
265.47	0.001
265.48	0.028
265.49	0.053
265.5	0.076
265.51	0.098
265.52	0.119
265.53	0.137
265.54	0.152
265.55	0.165
265.56	0.174
265.57	0.181
265.58	0.184
265.59	0.178
265.6	0.164
265.61	0.142
265.62	0.117
265.63	0.092
265.64	0.069
265.65	0.048
265.66	0.028
265.67	0.009
265.68	-0.012
265.69	-0.038
265.7	-0.072
265.71	-0.115
265.72	-0.168
265.73	-0.229
265.74	-0.288
265.75	-0.338
265.76	-0.375
265.77	-0.397
265.78	-0.405
265.79	-0.403
265.8	-0.395
265.81	-0.387
265.82	-0.38
265.83	-0.369
265.84	-0.348
265.85	-0.317
265.86	-0.281
265.87	-0.245
265.88	-0.214
265.89	-0.193
265.9	-0.186
265.91	-0.193
265.92	-0.208
265.93	-0.225
265.94	-0.238
265.95	-0.248
265.96	-0.255
265.97	-0.258
265.98	-0.253
265.99	-0.236
266	-0.206
266.01	-0.177
266.02	-0.164
266.03	-0.179
266.04	-0.222
266.05	-0.288
266.06	-0.366
266.07	-0.439
266.08	-0.488
266.09	-0.501
266.1	-0.48
266.11	-0.436
266.12	-0.378
266.13	-0.31
266.14	-0.232
266.15	-0.143
266.16	-0.049
266.17	0.046
266.18	0.134
266.19	0.207
266.2	0.258
266.21	0.283
266.22	0.277
266.23	0.239
266.24	0.169
266.25	0.071
266.26	-0.05
266.27	-0.187
266.28	-0.327
266.29	-0.452
266.3	-0.548
266.31	-0.611
266.32	-0.646
266.33	-0.661
266.34	-0.661
266.35	-0.641
266.36	-0.599
266.37	-0.536
266.38	-0.463
266.39	-0.389
266.4	-0.324
266.41	-0.274
266.42	-0.243
266.43	-0.232
266.44	-0.231
266.45	-0.233
266.46	-0.231
266.47	-0.22
266.48	-0.199
266.49	-0.17
266.5	-0.138
266.51	-0.11
266.52	-0.088
266.53	-0.066
266.54	-0.034
266.55	0.011
266.56	0.066
266.57	0.127
266.58	0.185
266.59	0.235
266.6	0.271
266.61	0.29
266.62	0.297
266.63	0.296
266.64	0.292
266.65	0.287
266.66	0.283
266.67	0.278
266.68	0.277
266.69	0.285
266.7	0.304
266.71	0.337
266.72	0.384
266.73	0.443
266.74	0.509
266.75	0.578
266.76	0.641
266.77	0.69
266.78	0.717
266.79	0.715
266.8	0.688
266.81	0.644
266.82	0.59
266.83	0.532
266.84	0.468
266.85	0.4
266.86	0.33
266.87	0.263
266.88	0.206
266.89	0.159
266.9	0.122
266.91	0.093
266.92	0.068
266.93	0.042
266.94	0.011
266.95	-0.02
266.96	-0.038
266.97	-0.029
266.98	0.013
266.99	0.084
267	0.178
267.01	0.285
267.02	0.395
267.03	0.499
267.04	0.59
267.05	0.662
267.06	0.709
267.07	0.731
267.08	0.728
267.09	0.703
267.1	0.663
267.11	0.618
267.12	0.577
267.13	0.544
267.14	0.514
267.15	0.479
267.16	0.433
267.17	0.377
267.18	0.313
267.19	0.245
267.2	0.179
267.21	0.118
267.22	0.064
267.23	0.015
267.24	-0.029
267.25	-0.072
267.26	-0.105
267.27	-0.124
267.28	-0.121
267.29	-0.099
267.3	-0.059
267.31	-0.005
267.32	0.062
267.33	0.145
267.34	0.242
267.35	0.348
267.36	0.452
267.37	0.547
267.38	0.625
267.39	0.683
267.4	0.719
267.41	0.733
267.42	0.728
267.43	0.705
267.44	0.667
267.45	0.611
267.46	0.539
267.47	0.451
267.48	0.352
267.49	0.245
267.5	0.138
267.51	0.039
267.52	-0.045
267.53	-0.108
267.54	-0.149
267.55	-0.166
267.56	-0.162
267.57	-0.145
267.58	-0.123
267.59	-0.101
267.6	-0.082
267.61	-0.065
267.62	-0.049
267.63	-0.036
267.64	-0.024
267.65	-0.014
267.66	-0.014
267.67	-0.029
267.68	-0.066
267.69	-0.124
267.7	-0.202
267.71	-0.297
267.72	-0.411
267.73	-0.544
267.74	-0.693
267.75	-0.852
267.76	-1.011
267.77	-1.162
267.78	-1.296
267.79	-1.404
267.8	-1.481
267.81	-1.522
267.82	-1.524
267.83	-1.489
267.84	-1.42
267.85	-1.325
267.86	-1.213
267.87	-1.09
267.88	-0.96
267.89	-0.829
267.9	-0.708
267.91	-0.608
267.92	-0.543
267.93	-0.512
267.94	-0.505
267.95	-0.512
267.96	-0.523
267.97	-0.534
267.98	-0.542
267.99	-0.543
268	-0.536
268.01	-0.516
268.02	-0.483
268.03	-0.437
268.04	-0.38
268.05	-0.315
268.06	-0.247
268.07	-0.181
268.08	-0.12
268.09	-0.063
268.1	-0.005
268.11	0.053
268.12	0.101
268.13	0.133
268.14	0.142
268.15	0.131
268.16	0.106
268.17	0.071
268.18	0.031
268.19	-0.01
268.2	-0.05
268.21	-0.083
268.22	-0.106
268.23	-0.117
268.24	-0.113
268.25	-0.093
268.26	-0.059
268.27	-0.016
268.28	0.028
268.29	0.067
268.3	0.103
268.31	0.139
268.32	0.179
268.33	0.218
268.34	0.249
268.35	0.267
268.36	0.275
268.37	0.282
268.38	0.296
268.39	0.32
268.4	0.353
268.41	0.392
268.42	0.433
268.43	0.473
268.44	0.509
268.45	0.541
268.46	0.573
268.47	0.607
268.48	0.64
268.49	0.665
268.5	0.675
268.51	0.663
268.52	0.629
268.53	0.573
268.54	0.5
268.55	0.417
268.56	0.333
268.57	0.255
268.58	0.187
268.59	0.133
268.6	0.093
268.61	0.063
268.62	0.04
268.63	0.02
268.64	0
268.65	-0.023
268.66	-0.049
268.67	-0.073
268.68	-0.089
268.69	-0.096
268.7	-0.097
268.71	-0.097
268.72	-0.103
268.73	-0.12
268.74	-0.157
268.75	-0.213
268.76	-0.284
268.77	-0.362
268.78	-0.44
268.79	-0.513
268.8	-0.577
268.81	-0.632
268.82	-0.679
268.83	-0.722
268.84	-0.761
268.85	-0.791
268.86	-0.805
268.87	-0.797
268.88	-0.761
268.89	-0.692
268.9	-0.589
268.91	-0.452
268.92	-0.284
268.93	-0.092
268.94	0.116
268.95	0.325
268.96	0.529
268.97	0.734
268.98	0.954
268.99	1.199
269	1.471
269.01	1.762
269.02	2.061
269.03	2.358
269.04	2.639
269.05	2.897
269.06	3.127
269.07	3.33
269.08	3.506
269.09	3.662
269.1	3.806
269.11	3.945
269.12	4.089
269.13	4.245
269.14	4.419
269.15	4.602
269.16	4.774
269.17	4.913
269.18	5.009
269.19	5.069
269.2	5.101
269.21	5.113
269.22	5.108
269.23	5.086
269.24	5.042
269.25	4.965
269.26	4.844
269.27	4.676
269.28	4.469
269.29	4.233
269.3	3.98
269.31	3.727
269.32	3.484
269.33	3.259
269.34	3.05
269.35	2.851
269.36	2.658
269.37	2.469
269.38	2.284
269.39	2.1
269.4	1.918
269.41	1.735
269.42	1.551
269.43	1.369
269.44	1.193
269.45	1.024
269.46	0.862
269.47	0.702
269.48	0.541
269.49	0.375
269.5	0.197
269.51	0.007
269.52	-0.189
269.53	-0.382
269.54	-0.562
269.55	-0.718
269.56	-0.842
269.57	-0.93
269.58	-0.984
269.59	-1.011
269.6	-1.02
269.61	-1.019
269.62	-1.015
269.63	-1.013
269.64	-1.016
269.65	-1.024
269.66	-1.035
269.67	-1.049
269.68	-1.064
269.69	-1.079
269.7	-1.095
269.71	-1.114
269.72	-1.138
269.73	-1.169
269.74	-1.213
269.75	-1.273
269.76	-1.349
269.77	-1.443
269.78	-1.552
269.79	-1.674
269.8	-1.8
269.81	-1.924
269.82	-2.039
269.83	-2.141
269.84	-2.227
269.85	-2.297
269.86	-2.353
269.87	-2.398
269.88	-2.433
269.89	-2.454
269.9	-2.457
269.91	-2.441
269.92	-2.413
269.93	-2.382
269.94	-2.355
269.95	-2.331
269.96	-2.31
269.97	-2.288
269.98	-2.268
269.99	-2.248
270	-2.232
270.01	-2.223
270.02	-2.224
270.03	-2.237
270.04	-2.261
270.05	-2.296
270.06	-2.34
270.07	-2.401
270.08	-2.487
270.09	-2.599
270.1	-2.724
270.11	-2.837
270.12	-2.923
270.13	-2.979
270.14	-3.014
270.15	-3.037
270.16	-3.06
270.17	-3.092
270.18	-3.141
270.19	-3.204
270.2	-3.273
270.21	-3.338
270.22	-3.39
270.23	-3.419
270.24	-3.418
270.25	-3.389
270.26	-3.342
270.27	-3.286
270.28	-3.233
270.29	-3.197
270.3	-3.184
270.31	-3.192
270.32	-3.21
270.33	-3.226
270.34	-3.232
270.35	-3.223
270.36	-3.198
270.37	-3.159
270.38	-3.11
270.39	-3.056
270.4	-2.998
270.41	-2.934
270.42	-2.86
270.43	-2.771
270.44	-2.658
270.45	-2.515
270.46	-2.345
270.47	-2.159
270.48	-1.968
270.49	-1.783
270.5	-1.611
270.51	-1.457
270.52	-1.327
270.53	-1.229
270.54	-1.17
270.55	-1.147
270.56	-1.148
270.57	-1.157
270.58	-1.167
270.59	-1.181
270.6	-1.205
270.61	-1.242
270.62	-1.285
270.63	-1.327
270.64	-1.358
270.65	-1.371
270.66	-1.358
270.67	-1.316
270.68	-1.251
270.69	-1.17
270.7	-1.08
270.71	-0.983
270.72	-0.882
270.73	-0.775
270.74	-0.667
270.75	-0.56
270.76	-0.455
270.77	-0.347
270.78	-0.231
270.79	-0.1
270.8	0.04
270.81	0.184
270.82	0.324
270.83	0.453
270.84	0.567
270.85	0.662
270.86	0.741
270.87	0.81
270.88	0.873
270.89	0.932
270.9	0.984
270.91	1.025
270.92	1.055
270.93	1.077
270.94	1.094
270.95	1.108
270.96	1.125
270.97	1.146
270.98	1.171
270.99	1.196
271	1.217
271.01	1.227
271.02	1.223
271.03	1.203
271.04	1.168
271.05	1.125
271.06	1.082
271.07	1.044
271.08	1.007
271.09	0.966
271.1	0.921
271.11	0.873
271.12	0.824
271.13	0.78
271.14	0.749
271.15	0.738
271.16	0.749
271.17	0.772
271.18	0.796
271.19	0.812
271.2	0.817
271.21	0.811
271.22	0.797
271.23	0.781
271.24	0.773
271.25	0.778
271.26	0.801
271.27	0.844
271.28	0.908
271.29	0.99
271.3	1.089
271.31	1.199
271.32	1.312
271.33	1.418
271.34	1.508
271.35	1.577
271.36	1.622
271.37	1.641
271.38	1.636
271.39	1.606
271.4	1.553
271.41	1.475
271.42	1.371
271.43	1.237
271.44	1.078
271.45	0.897
271.46	0.703
271.47	0.504
271.48	0.309
271.49	0.128
271.5	-0.033
271.51	-0.169
271.52	-0.276
271.53	-0.35
271.54	-0.383
271.55	-0.37
271.56	-0.312
271.57	-0.22
271.58	-0.104
271.59	0.03
271.6	0.183
271.61	0.355
271.62	0.544
271.63	0.74
271.64	0.931
271.65	1.109
271.66	1.263
271.67	1.384
271.68	1.469
271.69	1.522
271.7	1.548
271.71	1.552
271.72	1.538
271.73	1.509
271.74	1.466
271.75	1.41
271.76	1.339
271.77	1.257
271.78	1.169
271.79	1.082
271.8	1.004
271.81	0.946
271.82	0.919
271.83	0.929
271.84	0.97
271.85	1.032
271.86	1.105
271.87	1.179
271.88	1.249
271.89	1.311
271.9	1.365
271.91	1.415
271.92	1.462
271.93	1.505
271.94	1.544
271.95	1.576
271.96	1.6
271.97	1.614
271.98	1.618
271.99	1.614
272	1.605
272.01	1.594
272.02	1.58
272.03	1.56
272.04	1.532
272.05	1.499
272.06	1.466
272.07	1.438
272.08	1.414
272.09	1.391
272.1	1.365
272.11	1.334
272.12	1.298
272.13	1.256
272.14	1.21
272.15	1.159
272.16	1.105
272.17	1.046
272.18	0.978
272.19	0.898
272.2	0.806
272.21	0.71
272.22	0.617
272.23	0.528
272.24	0.439
272.25	0.342
272.26	0.239
272.27	0.139
272.28	0.054
272.29	-0.008
272.3	-0.046
272.31	-0.062
272.32	-0.057
272.33	-0.036
272.34	-0.003
272.35	0.036
272.36	0.074
272.37	0.103
272.38	0.114
272.39	0.098
272.4	0.045
272.41	-0.047
272.42	-0.169
272.43	-0.307
272.44	-0.446
272.45	-0.58
272.46	-0.707
272.47	-0.824
272.48	-0.926
272.49	-1.004
272.5	-1.051
272.51	-1.062
272.52	-1.036
272.53	-0.973
272.54	-0.877
272.55	-0.754
272.56	-0.61
272.57	-0.455
272.58	-0.296
272.59	-0.139
272.6	0.01
272.61	0.147
272.62	0.272
272.63	0.384
272.64	0.485
272.65	0.576
272.66	0.655
272.67	0.716
272.68	0.751
272.69	0.757
272.7	0.732
272.71	0.675
272.72	0.59
272.73	0.48
272.74	0.348
272.75	0.199
272.76	0.04
272.77	-0.124
272.78	-0.283
272.79	-0.421
272.8	-0.52
272.81	-0.57
272.82	-0.569
272.83	-0.52
272.84	-0.43
272.85	-0.314
272.86	-0.187
272.87	-0.061
272.88	0.061
272.89	0.18
272.9	0.296
272.91	0.403
272.92	0.492
272.93	0.559
272.94	0.597
272.95	0.605
272.96	0.581
272.97	0.523
272.98	0.429
272.99	0.299
273	0.133
273.01	-0.068
273.02	-0.298
273.03	-0.543
273.04	-0.785
273.05	-1.006
273.06	-1.196
273.07	-1.352
273.08	-1.472
273.09	-1.558
273.1	-1.613
273.11	-1.64
273.12	-1.641
273.13	-1.618
273.14	-1.57
273.15	-1.5
273.16	-1.408
273.17	-1.297
273.18	-1.171
273.19	-1.038
273.2	-0.905
273.21	-0.782
273.22	-0.684
273.23	-0.625
273.24	-0.607
273.25	-0.63
273.26	-0.685
273.27	-0.764
273.28	-0.862
273.29	-0.972
273.3	-1.086
273.31	-1.196
273.32	-1.296
273.33	-1.381
273.34	-1.451
273.35	-1.507
273.36	-1.546
273.37	-1.562
273.38	-1.545
273.39	-1.489
273.4	-1.393
273.41	-1.26
273.42	-1.095
273.43	-0.912
273.44	-0.724
273.45	-0.541
273.46	-0.362
273.47	-0.181
273.48	0.005
273.49	0.186
273.5	0.353
273.51	0.495
273.52	0.612
273.53	0.707
273.54	0.786
273.55	0.855
273.56	0.921
273.57	0.99
273.58	1.068
273.59	1.159
273.6	1.264
273.61	1.381
273.62	1.502
273.63	1.621
273.64	1.734
273.65	1.844
273.66	1.953
273.67	2.054
273.68	2.14
273.69	2.203
273.7	2.237
273.71	2.24
273.72	2.212
273.73	2.155
273.74	2.075
273.75	1.978
273.76	1.871
273.77	1.765
273.78	1.67
273.79	1.59
273.8	1.529
273.81	1.49
273.82	1.47
273.83	1.466
273.84	1.474
273.85	1.489
273.86	1.507
273.87	1.52
273.88	1.527
273.89	1.524
273.9	1.513
273.91	1.494
273.92	1.471
273.93	1.446
273.94	1.418
273.95	1.378
273.96	1.315
273.97	1.224
273.98	1.112
273.99	0.987
274	0.857
274.01	0.73
274.02	0.607
274.03	0.492
274.04	0.383
274.05	0.276
274.06	0.172
274.07	0.074
274.08	-0.014
274.09	-0.087
274.1	-0.141
274.11	-0.177
274.12	-0.193
274.13	-0.185
274.14	-0.15
274.15	-0.088
274.16	-0.007
274.17	0.078
274.18	0.155
274.19	0.22
274.2	0.279
274.21	0.335
274.22	0.387
274.23	0.428
274.24	0.45
274.25	0.446
274.26	0.402
274.27	0.31
274.28	0.165
274.29	-0.032
274.3	-0.279
274.31	-0.563
274.32	-0.865
274.33	-1.165
274.34	-1.448
274.35	-1.707
274.36	-1.935
274.37	-2.124
274.38	-2.26
274.39	-2.331
274.4	-2.33
274.41	-2.256
274.42	-2.11
274.43	-1.9
274.44	-1.638
274.45	-1.337
274.46	-1.015
274.47	-0.698
274.48	-0.409
274.49	-0.164
274.5	0.03
274.51	0.173
274.52	0.267
274.53	0.318
274.54	0.332
274.55	0.315
274.56	0.266
274.57	0.181
274.58	0.063
274.59	-0.077
274.6	-0.224
274.61	-0.368
274.62	-0.509
274.63	-0.653
274.64	-0.804
274.65	-0.957
274.66	-1.106
274.67	-1.243
274.68	-1.363
274.69	-1.464
274.7	-1.544
274.71	-1.606
274.72	-1.651
274.73	-1.683
274.74	-1.705
274.75	-1.72
274.76	-1.73
274.77	-1.737
274.78	-1.737
274.79	-1.731
274.8	-1.718
274.81	-1.699
274.82	-1.676
274.83	-1.649
274.84	-1.62
274.85	-1.589
274.86	-1.556
274.87	-1.523
274.88	-1.488
274.89	-1.452
274.9	-1.417
274.91	-1.382
274.92	-1.349
274.93	-1.319
274.94	-1.293
274.95	-1.272
274.96	-1.251
274.97	-1.228
274.98	-1.201
274.99	-1.173
275	-1.147
275.01	-1.126
275.02	-1.115
275.03	-1.119
275.04	-1.135
275.05	-1.151
275.06	-1.153
275.07	-1.133
275.08	-1.098
275.09	-1.055
275.1	-1.013
275.11	-0.974
275.12	-0.941
275.13	-0.914
275.14	-0.886
275.15	-0.851
275.16	-0.805
275.17	-0.744
275.18	-0.668
275.19	-0.578
275.2	-0.479
275.21	-0.376
275.22	-0.274
275.23	-0.172
275.24	-0.068
275.25	0.039
275.26	0.151
275.27	0.265
275.28	0.381
275.29	0.496
275.3	0.605
275.31	0.704
275.32	0.791
275.33	0.861
275.34	0.913
275.35	0.944
275.36	0.951
275.37	0.936
275.38	0.901
275.39	0.854
275.4	0.802
275.41	0.746
275.42	0.686
275.43	0.619
275.44	0.547
275.45	0.475
275.46	0.409
275.47	0.358
275.48	0.332
275.49	0.337
275.5	0.373
275.51	0.434
275.52	0.51
275.53	0.593
275.54	0.681
275.55	0.769
275.56	0.856
275.57	0.941
275.58	1.025
275.59	1.103
275.6	1.169
275.61	1.216
275.62	1.244
275.63	1.257
275.64	1.261
275.65	1.261
275.66	1.251
275.67	1.227
275.68	1.187
275.69	1.133
275.7	1.066
275.71	0.993
275.72	0.92
275.73	0.856
275.74	0.805
275.75	0.762
275.76	0.722
275.77	0.683
275.78	0.651
275.79	0.641
275.8	0.661
275.81	0.709
275.82	0.779
275.83	0.861
275.84	0.943
275.85	1.014
275.86	1.066
275.87	1.099
275.88	1.116
275.89	1.123
275.9	1.121
275.91	1.109
275.92	1.088
275.93	1.055
275.94	1.009
275.95	0.95
275.96	0.882
275.97	0.809
275.98	0.739
275.99	0.671
276	0.602
276.01	0.529
276.02	0.456
276.03	0.396
276.04	0.364
276.05	0.362
276.06	0.381
276.07	0.407
276.08	0.434
276.09	0.464
276.1	0.5
276.11	0.542
276.12	0.58
276.13	0.605
276.14	0.614
276.15	0.614
276.16	0.613
276.17	0.614
276.18	0.614
276.19	0.609
276.2	0.593
276.21	0.565
276.22	0.524
276.23	0.472
276.24	0.414
276.25	0.358
276.26	0.302
276.27	0.229
276.28	0.121
276.29	-0.03
276.3	-0.21
276.31	-0.394
276.32	-0.562
276.33	-0.692
276.34	-0.767
276.35	-0.779
276.36	-0.735
276.37	-0.648
276.38	-0.535
276.39	-0.408
276.4	-0.278
276.41	-0.153
276.42	-0.039
276.43	0.063
276.44	0.153
276.45	0.239
276.46	0.331
276.47	0.437
276.48	0.551
276.49	0.66
276.5	0.752
276.51	0.827
276.52	0.889
276.53	0.945
276.54	0.996
276.55	1.043
276.56	1.082
276.57	1.105
276.58	1.097
276.59	1.047
276.6	0.957
276.61	0.832
276.62	0.685
276.63	0.527
276.64	0.369
276.65	0.222
276.66	0.09
276.67	-0.028
276.68	-0.138
276.69	-0.24
276.7	-0.332
276.71	-0.414
276.72	-0.483
276.73	-0.54
276.74	-0.583
276.75	-0.614
276.76	-0.634
276.77	-0.645
276.78	-0.649
276.79	-0.646
276.8	-0.635
276.81	-0.62
276.82	-0.617
276.83	-0.639
276.84	-0.691
276.85	-0.762
276.86	-0.833
276.87	-0.891
276.88	-0.927
276.89	-0.933
276.9	-0.906
276.91	-0.849
276.92	-0.763
276.93	-0.654
276.94	-0.532
276.95	-0.408
276.96	-0.291
276.97	-0.183
276.98	-0.087
276.99	0.001
277	0.082
277.01	0.161
277.02	0.239
277.03	0.313
277.04	0.374
277.05	0.413
277.06	0.432
277.07	0.436
277.08	0.432
277.09	0.421
277.1	0.402
277.11	0.373
277.12	0.335
277.13	0.29
277.14	0.242
277.15	0.188
277.16	0.125
277.17	0.049
277.18	-0.043
277.19	-0.15
277.2	-0.273
277.21	-0.403
277.22	-0.526
277.23	-0.629
277.24	-0.705
277.25	-0.762
277.26	-0.807
277.27	-0.844
277.28	-0.87
277.29	-0.878
277.3	-0.866
277.31	-0.84
277.32	-0.808
277.33	-0.779
277.34	-0.764
277.35	-0.776
277.36	-0.816
277.37	-0.876
277.38	-0.94
277.39	-1.001
277.4	-1.057
277.41	-1.116
277.42	-1.177
277.43	-1.237
277.44	-1.287
277.45	-1.319
277.46	-1.333
277.47	-1.333
277.48	-1.324
277.49	-1.31
277.5	-1.288
277.51	-1.256
277.52	-1.207
277.53	-1.13
277.54	-1.016
277.55	-0.862
277.56	-0.677
277.57	-0.47
277.58	-0.254
277.59	-0.043
277.6	0.146
277.61	0.304
277.62	0.419
277.63	0.483
277.64	0.497
277.65	0.47
277.66	0.419
277.67	0.357
277.68	0.29
277.69	0.224
277.7	0.158
277.71	0.087
277.72	0.004
277.73	-0.093
277.74	-0.196
277.75	-0.291
277.76	-0.367
277.77	-0.413
277.78	-0.418
277.79	-0.379
277.8	-0.297
277.81	-0.175
277.82	-0.023
277.83	0.141
277.84	0.298
277.85	0.433
277.86	0.545
277.87	0.64
277.88	0.727
277.89	0.806
277.9	0.876
277.91	0.933
277.92	0.977
277.93	1.006
277.94	1.019
277.95	1.009
277.96	0.966
277.97	0.884
277.98	0.764
277.99	0.616
278	0.45
278.01	0.274
278.02	0.093
278.03	-0.092
278.04	-0.28
278.05	-0.471
278.06	-0.667
278.07	-0.863
278.08	-1.049
278.09	-1.215
278.1	-1.352
278.11	-1.451
278.12	-1.507
278.13	-1.516
278.14	-1.479
278.15	-1.4
278.16	-1.284
278.17	-1.143
278.18	-0.989
278.19	-0.83
278.2	-0.676
278.21	-0.53
278.22	-0.397
278.23	-0.279
278.24	-0.177
278.25	-0.091
278.26	-0.023
278.27	0.028
278.28	0.061
278.29	0.077
278.3	0.074
278.31	0.056
278.32	0.029
278.33	0.002
278.34	-0.02
278.35	-0.04
278.36	-0.062
278.37	-0.089
278.38	-0.118
278.39	-0.144
278.4	-0.157
278.41	-0.149
278.42	-0.105
278.43	-0.021
278.44	0.091
278.45	0.21
278.46	0.315
278.47	0.393
278.48	0.436
278.49	0.443
278.5	0.416
278.51	0.364
278.52	0.296
278.53	0.216
278.54	0.124
278.55	0.02
278.56	-0.095
278.57	-0.22
278.58	-0.354
278.59	-0.497
278.6	-0.65
278.61	-0.815
278.62	-0.987
278.63	-1.156
278.64	-1.312
278.65	-1.449
278.66	-1.569
278.67	-1.673
278.68	-1.769
278.69	-1.863
278.7	-1.967
278.71	-2.08
278.72	-2.197
278.73	-2.307
278.74	-2.402
278.75	-2.473
278.76	-2.511
278.77	-2.515
278.78	-2.487
278.79	-2.434
278.8	-2.361
278.81	-2.276
278.82	-2.186
278.83	-2.096
278.84	-2.009
278.85	-1.924
278.86	-1.84
278.87	-1.754
278.88	-1.66
278.89	-1.56
278.9	-1.459
278.91	-1.37
278.92	-1.3
278.93	-1.252
278.94	-1.225
278.95	-1.217
278.96	-1.224
278.97	-1.245
278.98	-1.274
278.99	-1.298
279	-1.303
279.01	-1.279
279.02	-1.23
279.03	-1.166
279.04	-1.099
279.05	-1.037
279.06	-0.983
279.07	-0.937
279.08	-0.894
279.09	-0.843
279.1	-0.775
279.11	-0.687
279.12	-0.579
279.13	-0.455
279.14	-0.323
279.15	-0.189
279.16	-0.063
279.17	0.057
279.18	0.174
279.19	0.298
279.2	0.43
279.21	0.572
279.22	0.72
279.23	0.873
279.24	1.026
279.25	1.175
279.26	1.314
279.27	1.43
279.28	1.511
279.29	1.553
279.3	1.556
279.31	1.523
279.32	1.46
279.33	1.372
279.34	1.265
279.35	1.14
279.36	0.995
279.37	0.826
279.38	0.634
279.39	0.431
279.4	0.231
279.41	0.045
279.42	-0.119
279.43	-0.257
279.44	-0.365
279.45	-0.439
279.46	-0.478
279.47	-0.483
279.48	-0.465
279.49	-0.438
279.5	-0.408
279.51	-0.376
279.52	-0.33
279.53	-0.266
279.54	-0.187
279.55	-0.102
279.56	-0.02
279.57	0.056
279.58	0.125
279.59	0.189
279.6	0.248
279.61	0.305
279.62	0.359
279.63	0.407
279.64	0.441
279.65	0.455
279.66	0.444
279.67	0.407
279.68	0.345
279.69	0.265
279.7	0.182
279.71	0.11
279.72	0.054
279.73	0.012
279.74	-0.02
279.75	-0.041
279.76	-0.049
279.77	-0.044
279.78	-0.03
279.79	-0.018
279.8	-0.018
279.81	-0.03
279.82	-0.045
279.83	-0.052
279.84	-0.047
279.85	-0.029
279.86	-0.001
279.87	0.033
279.88	0.064
279.89	0.086
279.9	0.096
279.91	0.095
279.92	0.089
279.93	0.078
279.94	0.066
279.95	0.052
279.96	0.042
279.97	0.047
279.98	0.077
279.99	0.138
