130	0.143
130.01	0.195
130.02	0.24
130.03	0.278
130.04	0.311
130.05	0.338
130.06	0.359
130.07	0.374
130.08	0.382
130.09	0.386
130.1	0.385
130.11	0.381
130.12	0.371
130.13	0.355
130.14	0.335
130.15	0.313
130.16	0.291
130.17	0.27
130.18	0.251
130.19	0.233
130.2	0.219
130.21	0.21
130.22	0.211
130.23	0.223
130.24	0.246
130.25	0.281
130.26	0.32
130.27	0.356
130.28	0.377
130.29	0.38
130.3	0.367
130.31	0.341
130.32	0.31
130.33	0.281
130.34	0.263
130.35	0.258
130.36	0.262
130.37	0.268
130.38	0.273
130.39	0.272
130.4	0.264
130.41	0.243
130.42	0.205
130.43	0.142
130.44	0.056
130.45	-0.045
130.46	-0.152
130.47	-0.253
130.48	-0.342
130.49	-0.414
130.5	-0.466
130.51	-0.497
130.52	-0.509
130.53	-0.505
130.54	-0.493
130.55	-0.481
130.56	-0.475
130.57	-0.475
130.58	-0.482
130.59	-0.494
130.6	-0.509
130.61	-0.527
130.62	-0.546
130.63	-0.568
130.64	-0.597
130.65	-0.634
130.66	-0.681
130.67	-0.741
130.68	-0.812
130.69	-0.886
130.7	-0.953
130.71	-1.002
130.72	-1.032
130.73	-1.041
130.74	-1.032
130.75	-1.007
130.76	-0.969
130.77	-0.92
130.78	-0.863
130.79	-0.803
130.8	-0.742
130.81	-0.676
130.82	-0.603
130.83	-0.517
130.84	-0.419
130.85	-0.313
130.86	-0.205
130.87	-0.097
130.88	0.01
130.89	0.115
130.9	0.218
130.91	0.316
130.92	0.409
130.93	0.494
130.94	0.569
130.95	0.633
130.96	0.686
130.97	0.73
130.98	0.767
130.99	0.8
131	0.837
131.01	0.88
131.02	0.932
131.03	0.992
131.04	1.057
131.05	1.125
131.06	1.197
131.07	1.274
131.08	1.354
131.09	1.424
131.1	1.473
131.11	1.498
131.12	1.504
131.13	1.501
131.14	1.497
131.15	1.495
131.16	1.498
131.17	1.505
131.18	1.514
131.19	1.52
131.2	1.521
131.21	1.517
131.22	1.512
131.23	1.505
131.24	1.5
131.25	1.496
131.26	1.493
131.27	1.49
131.28	1.485
131.29	1.476
131.3	1.464
131.31	1.451
131.32	1.435
131.33	1.412
131.34	1.376
131.35	1.323
131.36	1.258
131.37	1.185
131.38	1.112
131.39	1.045
131.4	0.991
131.41	0.954
131.42	0.929
131.43	0.908
131.44	0.885
131.45	0.855
131.46	0.816
131.47	0.769
131.48	0.711
131.49	0.641
131.5	0.56
131.51	0.473
131.52	0.391
131.53	0.323
131.54	0.269
131.55	0.222
131.56	0.174
131.57	0.123
131.58	0.07
131.59	0.018
131.6	-0.031
131.61	-0.08
131.62	-0.13
131.63	-0.183
131.64	-0.237
131.65	-0.291
131.66	-0.342
131.67	-0.389
131.68	-0.43
131.69	-0.465
131.7	-0.496
131.71	-0.526
131.72	-0.556
131.73	-0.583
131.74	-0.607
131.75	-0.626
131.76	-0.639
131.77	-0.648
131.78	-0.652
131.79	-0.651
131.8	-0.642
131.81	-0.625
131.82	-0.599
131.83	-0.563
131.84	-0.519
131.85	-0.47
131.86	-0.422
131.87	-0.38
131.88	-0.347
131.89	-0.327
131.9	-0.317
131.91	-0.311
131.92	-0.299
131.93	-0.275
131.94	-0.244
131.95	-0.216
131.96	-0.199
131.97	-0.196
131.98	-0.205
131.99	-0.224
132	-0.25
132.01	-0.279
132.02	-0.308
132.03	-0.338
132.04	-0.371
132.05	-0.407
132.06	-0.445
132.07	-0.481
132.08	-0.512
132.09	-0.536
132.1	-0.553
132.11	-0.565
132.12	-0.572
132.13	-0.576
132.14	-0.578
132.15	-0.578
132.16	-0.573
132.17	-0.562
132.18	-0.544
132.19	-0.522
132.2	-0.499
132.21	-0.474
132.22	-0.448
132.23	-0.421
132.24	-0.393
132.25	-0.364
132.26	-0.337
132.27	-0.311
132.28	-0.281
132.29	-0.243
132.3	-0.195
132.31	-0.142
132.32	-0.088
132.33	-0.038
132.34	0.006
132.35	0.041
132.36	0.065
132.37	0.078
132.38	0.079
132.39	0.069
132.4	0.048
132.41	0.02
132.42	-0.013
132.43	-0.047
132.44	-0.08
132.45	-0.109
132.46	-0.138
132.47	-0.17
132.48	-0.205
132.49	-0.239
132.5	-0.262
132.51	-0.269
132.52	-0.259
132.53	-0.235
132.54	-0.202
132.55	-0.167
132.56	-0.138
132.57	-0.124
132.58	-0.125
132.59	-0.142
132.6	-0.171
132.61	-0.209
132.62	-0.249
132.63	-0.288
132.64	-0.327
132.65	-0.374
132.66	-0.432
132.67	-0.504
132.68	-0.584
132.69	-0.667
132.7	-0.751
132.71	-0.835
132.72	-0.919
132.73	-0.999
132.74	-1.069
132.75	-1.122
132.76	-1.156
132.77	-1.174
132.78	-1.18
132.79	-1.177
132.8	-1.163
132.81	-1.137
132.82	-1.099
132.83	-1.052
132.84	-0.997
132.85	-0.939
132.86	-0.884
132.87	-0.84
132.88	-0.809
132.89	-0.787
132.9	-0.769
132.91	-0.75
132.92	-0.73
132.93	-0.71
132.94	-0.691
132.95	-0.674
132.96	-0.657
132.97	-0.641
132.98	-0.625
132.99	-0.606
133	-0.584
133.01	-0.556
133.02	-0.521
133.03	-0.478
133.04	-0.43
133.05	-0.382
133.06	-0.339
133.07	-0.304
133.08	-0.278
133.09	-0.259
133.1	-0.245
133.11	-0.233
133.12	-0.217
133.13	-0.193
133.14	-0.157
133.15	-0.105
133.16	-0.041
133.17	0.029
133.18	0.094
133.19	0.151
133.2	0.204
133.21	0.254
133.22	0.302
133.23	0.342
133.24	0.369
133.25	0.381
133.26	0.384
133.27	0.383
133.28	0.382
133.29	0.383
133.3	0.387
133.31	0.393
133.32	0.394
133.33	0.385
133.34	0.364
133.35	0.333
133.36	0.296
133.37	0.259
133.38	0.225
133.39	0.198
133.4	0.183
133.41	0.181
133.42	0.195
133.43	0.223
133.44	0.256
133.45	0.285
133.46	0.307
133.47	0.327
133.48	0.356
133.49	0.396
133.5	0.443
133.51	0.49
133.52	0.533
133.53	0.57
133.54	0.603
133.55	0.631
133.56	0.651
133.57	0.657
133.58	0.645
133.59	0.62
133.6	0.586
133.61	0.55
133.62	0.52
133.63	0.505
133.64	0.507
133.65	0.523
133.66	0.547
133.67	0.57
133.68	0.587
133.69	0.596
133.7	0.595
133.71	0.585
133.72	0.571
133.73	0.553
133.74	0.533
133.75	0.508
133.76	0.478
133.77	0.443
133.78	0.406
133.79	0.37
133.8	0.334
133.81	0.295
133.82	0.251
133.83	0.203
133.84	0.158
133.85	0.124
133.86	0.104
133.87	0.095
133.88	0.096
133.89	0.104
133.9	0.121
133.91	0.147
133.92	0.181
133.93	0.22
133.94	0.259
133.95	0.297
133.96	0.333
133.97	0.365
133.98	0.394
133.99	0.417
134	0.432
134.01	0.439
134.02	0.443
134.03	0.45
134.04	0.462
134.05	0.477
134.06	0.492
134.07	0.501
134.08	0.504
134.09	0.498
134.1	0.484
134.11	0.46
134.12	0.427
134.13	0.386
134.14	0.34
134.15	0.293
134.16	0.249
134.17	0.211
134.18	0.182
134.19	0.164
134.2	0.154
134.21	0.148
134.22	0.14
134.23	0.127
134.24	0.106
134.25	0.076
134.26	0.04
134.27	0.007
134.28	-0.017
134.29	-0.032
134.3	-0.044
134.31	-0.061
134.32	-0.087
134.33	-0.122
134.34	-0.164
134.35	-0.212
134.36	-0.265
134.37	-0.321
134.38	-0.381
134.39	-0.447
134.4	-0.52
134.41	-0.598
134.42	-0.676
134.43	-0.75
134.44	-0.813
134.45	-0.861
134.46	-0.89
134.47	-0.901
134.48	-0.903
134.49	-0.905
134.5	-0.913
134.51	-0.927
134.52	-0.943
134.53	-0.959
134.54	-0.974
134.55	-0.983
134.56	-0.986
134.57	-0.979
134.58	-0.958
134.59	-0.923
134.6	-0.878
134.61	-0.827
134.62	-0.775
134.63	-0.726
134.64	-0.682
134.65	-0.645
134.66	-0.618
134.67	-0.603
134.68	-0.6
134.69	-0.606
134.7	-0.616
134.71	-0.626
134.72	-0.636
134.73	-0.648
134.74	-0.662
134.75	-0.677
134.76	-0.688
134.77	-0.694
134.78	-0.697
134.79	-0.7
134.8	-0.705
134.81	-0.705
134.82	-0.69
134.83	-0.654
134.84	-0.596
134.85	-0.522
134.86	-0.438
134.87	-0.347
134.88	-0.249
134.89	-0.146
134.9	-0.039
134.91	0.07
134.92	0.178
134.93	0.282
134.94	0.384
134.95	0.48
134.96	0.569
134.97	0.645
134.98	0.706
134.99	0.75
135	0.778
135.01	0.793
135.02	0.795
135.03	0.783
135.04	0.755
135.05	0.714
135.06	0.665
135.07	0.612
135.08	0.559
135.09	0.51
135.1	0.466
135.11	0.428
135.12	0.398
135.13	0.377
135.14	0.364
135.15	0.356
135.16	0.351
135.17	0.345
135.18	0.337
135.19	0.322
135.2	0.302
135.21	0.276
135.22	0.246
135.23	0.215
135.24	0.183
135.25	0.154
135.26	0.128
135.27	0.106
135.28	0.09
135.29	0.08
135.3	0.07
135.31	0.054
135.32	0.026
135.33	-0.012
135.34	-0.058
135.35	-0.107
135.36	-0.154
135.37	-0.191
135.38	-0.213
135.39	-0.215
135.4	-0.195
135.41	-0.153
135.42	-0.094
135.43	-0.026
135.44	0.041
135.45	0.105
135.46	0.162
135.47	0.212
135.48	0.256
135.49	0.298
135.5	0.339
135.51	0.38
135.52	0.421
135.53	0.463
135.54	0.501
135.55	0.532
135.56	0.55
135.57	0.558
135.58	0.558
135.59	0.556
135.6	0.557
135.61	0.563
135.62	0.575
135.63	0.594
135.64	0.618
135.65	0.645
135.66	0.673
135.67	0.7
135.68	0.723
135.69	0.745
135.7	0.77
135.71	0.804
135.72	0.849
135.73	0.901
135.74	0.954
135.75	1.002
135.76	1.04
135.77	1.064
135.78	1.074
135.79	1.07
135.8	1.054
135.81	1.028
135.82	0.998
135.83	0.969
135.84	0.94
135.85	0.911
135.86	0.875
135.87	0.83
135.88	0.775
135.89	0.71
135.9	0.637
135.91	0.562
135.92	0.491
135.93	0.43
135.94	0.38
135.95	0.34
135.96	0.308
135.97	0.284
135.98	0.271
135.99	0.269
136	0.277
136.01	0.293
136.02	0.315
136.03	0.338
136.04	0.36
136.05	0.377
136.06	0.384
136.07	0.375
136.08	0.346
136.09	0.302
136.1	0.251
136.11	0.2
136.12	0.153
136.13	0.11
136.14	0.068
136.15	0.029
136.16	-0.009
136.17	-0.042
136.18	-0.07
136.19	-0.089
136.2	-0.095
136.21	-0.091
136.22	-0.085
136.23	-0.084
136.24	-0.089
136.25	-0.096
136.26	-0.099
136.27	-0.097
136.28	-0.088
136.29	-0.076
136.3	-0.059
136.31	-0.037
136.32	-0.005
136.33	0.039
136.34	0.1
136.35	0.182
136.36	0.279
136.37	0.376
136.38	0.455
136.39	0.505
136.4	0.524
136.41	0.515
136.42	0.483
136.43	0.43
136.44	0.36
136.45	0.273
136.46	0.164
136.47	0.026
136.48	-0.143
136.49	-0.334
136.5	-0.534
136.51	-0.732
136.52	-0.915
136.53	-1.073
136.54	-1.2
136.55	-1.294
136.56	-1.355
136.57	-1.388
136.58	-1.399
136.59	-1.395
136.6	-1.382
136.61	-1.359
136.62	-1.326
136.63	-1.279
136.64	-1.22
136.65	-1.147
136.66	-1.066
136.67	-0.982
136.68	-0.908
136.69	-0.849
136.7	-0.811
136.71	-0.793
136.72	-0.794
136.73	-0.814
136.74	-0.852
136.75	-0.907
136.76	-0.978
136.77	-1.064
136.78	-1.163
136.79	-1.274
136.8	-1.397
136.81	-1.529
136.82	-1.663
136.83	-1.788
136.84	-1.894
136.85	-1.973
136.86	-2.021
136.87	-2.035
136.88	-2.016
136.89	-1.968
136.9	-1.899
136.91	-1.813
136.92	-1.719
136.93	-1.624
136.94	-1.534
136.95	-1.458
136.96	-1.401
136.97	-1.366
136.98	-1.346
136.99	-1.333
137	-1.325
137.01	-1.323
137.02	-1.332
137.03	-1.354
137.04	-1.383
137.05	-1.415
137.06	-1.444
137.07	-1.467
137.08	-1.485
137.09	-1.494
137.1	-1.495
137.11	-1.484
137.12	-1.462
137.13	-1.423
137.14	-1.366
137.15	-1.288
137.16	-1.196
137.17	-1.094
137.18	-0.99
137.19	-0.886
137.2	-0.783
137.21	-0.681
137.22	-0.575
137.23	-0.463
137.24	-0.339
137.25	-0.201
137.26	-0.043
137.27	0.133
137.28	0.323
137.29	0.519
137.3	0.711
137.31	0.891
137.32	1.051
137.33	1.186
137.34	1.291
137.35	1.365
137.36	1.406
137.37	1.417
137.38	1.398
137.39	1.352
137.4	1.287
137.41	1.211
137.42	1.133
137.43	1.058
137.44	0.987
137.45	0.922
137.46	0.862
137.47	0.812
137.48	0.771
137.49	0.74
137.5	0.719
137.51	0.706
137.52	0.7
137.53	0.7
137.54	0.705
137.55	0.714
137.56	0.725
137.57	0.736
137.58	0.744
137.59	0.748
137.6	0.749
137.61	0.745
137.62	0.736
137.63	0.721
137.64	0.701
137.65	0.676
137.66	0.646
137.67	0.611
137.68	0.574
137.69	0.534
137.7	0.495
137.71	0.459
137.72	0.428
137.73	0.404
137.74	0.385
137.75	0.368
137.76	0.352
137.77	0.335
137.78	0.318
137.79	0.299
137.8	0.282
137.81	0.27
137.82	0.264
137.83	0.264
137.84	0.268
137.85	0.274
137.86	0.281
137.87	0.288
137.88	0.293
137.89	0.295
137.9	0.294
137.91	0.286
137.92	0.272
137.93	0.249
137.94	0.217
137.95	0.182
137.96	0.152
137.97	0.135
137.98	0.138
137.99	0.166
138	0.222
138.01	0.299
138.02	0.388
138.03	0.478
138.04	0.559
138.05	0.626
138.06	0.674
138.07	0.702
138.08	0.712
138.09	0.704
138.1	0.683
138.11	0.65
138.12	0.609
138.13	0.562
138.14	0.52
138.15	0.491
138.16	0.477
138.17	0.471
138.18	0.468
138.19	0.462
138.2	0.459
138.21	0.463
138.22	0.477
138.23	0.495
138.24	0.509
138.25	0.515
138.26	0.513
138.27	0.504
138.28	0.492
138.29	0.481
138.3	0.473
138.31	0.47
138.32	0.474
138.33	0.489
138.34	0.516
138.35	0.556
138.36	0.604
138.37	0.658
138.38	0.711
138.39	0.761
138.4	0.804
138.41	0.838
138.42	0.864
138.43	0.881
138.44	0.889
138.45	0.886
138.46	0.866
138.47	0.828
138.48	0.77
138.49	0.692
138.5	0.596
138.51	0.489
138.52	0.38
138.53	0.274
138.54	0.178
138.55	0.096
138.56	0.031
138.57	-0.019
138.58	-0.055
138.59	-0.079
138.6	-0.095
138.61	-0.105
138.62	-0.111
138.63	-0.118
138.64	-0.132
138.65	-0.154
138.66	-0.182
138.67	-0.209
138.68	-0.23
138.69	-0.246
138.7	-0.26
138.71	-0.277
138.72	-0.299
138.73	-0.327
138.74	-0.36
138.75	-0.396
138.76	-0.431
138.77	-0.461
138.78	-0.48
138.79	-0.482
138.8	-0.464
138.81	-0.426
138.82	-0.369
138.83	-0.298
138.84	-0.221
138.85	-0.148
138.86	-0.086
138.87	-0.04
138.88	-0.011
138.89	0.004
138.9	0.006
138.91	-0.002
138.92	-0.019
138.93	-0.042
138.94	-0.071
138.95	-0.105
138.96	-0.146
138.97	-0.192
138.98	-0.244
138.99	-0.299
139	-0.352
139.01	-0.393
139.02	-0.421
139.03	-0.433
139.04	-0.434
139.05	-0.424
139.06	-0.41
139.07	-0.396
139.08	-0.384
139.09	-0.375
139.1	-0.368
139.11	-0.362
139.12	-0.352
139.13	-0.337
139.14	-0.315
139.15	-0.285
139.16	-0.249
139.17	-0.208
139.18	-0.161
139.19	-0.11
139.2	-0.054
139.21	0.004
139.22	0.062
139.23	0.12
139.24	0.178
139.25	0.238
139.26	0.301
139.27	0.364
139.28	0.422
139.29	0.471
139.3	0.508
139.31	0.531
139.32	0.539
139.33	0.535
139.34	0.522
139.35	0.506
139.36	0.49
139.37	0.477
139.38	0.469
139.39	0.465
139.4	0.46
139.41	0.45
139.42	0.437
139.43	0.427
139.44	0.424
139.45	0.43
139.46	0.441
139.47	0.453
139.48	0.463
139.49	0.474
139.5	0.488
139.51	0.501
139.52	0.509
139.53	0.503
139.54	0.482
139.55	0.452
139.56	0.418
139.57	0.385
139.58	0.355
139.59	0.33
139.6	0.31
139.61	0.288
139.62	0.259
139.63	0.221
139.64	0.175
139.65	0.124
139.66	0.07
139.67	0.017
139.68	-0.033
139.69	-0.077
139.7	-0.112
139.71	-0.133
139.72	-0.14
139.73	-0.138
139.74	-0.131
139.75	-0.124
139.76	-0.119
139.77	-0.116
139.78	-0.113
139.79	-0.104
139.8	-0.08
139.81	-0.04
139.82	0.014
139.83	0.073
139.84	0.13
139.85	0.175
139.86	0.196
139.87	0.189
139.88	0.157
139.89	0.106
139.9	0.045
139.91	-0.017
139.92	-0.075
139.93	-0.124
139.94	-0.16
139.95	-0.185
139.96	-0.197
139.97	-0.198
139.98	-0.19
139.99	-0.172
140	-0.145
140.01	-0.108
140.02	-0.061
140.03	-0.006
140.04	0.054
140.05	0.116
140.06	0.179
140.07	0.243
140.08	0.307
140.09	0.369
140.1	0.422
140.11	0.462
140.12	0.485
140.13	0.488
140.14	0.474
140.15	0.445
140.16	0.409
140.17	0.372
140.18	0.339
140.19	0.306
140.2	0.271
140.21	0.231
140.22	0.187
140.23	0.139
140.24	0.09
140.25	0.045
140.26	0.012
140.27	-0.006
140.28	-0.005
140.29	0.017
140.3	0.06
140.31	0.117
140.32	0.182
140.33	0.25
140.34	0.318
140.35	0.383
140.36	0.445
140.37	0.498
140.38	0.539
140.39	0.567
140.4	0.584
140.41	0.593
140.42	0.595
140.43	0.588
140.44	0.566
140.45	0.528
140.46	0.478
140.47	0.418
140.48	0.352
140.49	0.28
140.5	0.2
140.51	0.112
140.52	0.022
140.53	-0.062
140.54	-0.135
140.55	-0.195
140.56	-0.248
140.57	-0.297
140.58	-0.348
140.59	-0.408
140.6	-0.477
140.61	-0.55
140.62	-0.612
140.63	-0.652
140.64	-0.663
140.65	-0.648
140.66	-0.611
140.67	-0.56
140.68	-0.507
140.69	-0.463
140.7	-0.432
140.71	-0.411
140.72	-0.393
140.73	-0.377
140.74	-0.362
140.75	-0.351
140.76	-0.345
140.77	-0.346
140.78	-0.353
140.79	-0.368
140.8	-0.39
140.81	-0.416
140.82	-0.444
140.83	-0.472
140.84	-0.494
140.85	-0.509
140.86	-0.515
140.87	-0.512
140.88	-0.502
140.89	-0.49
140.9	-0.481
140.91	-0.479
140.92	-0.487
140.93	-0.506
140.94	-0.535
140.95	-0.567
140.96	-0.594
140.97	-0.611
140.98	-0.613
140.99	-0.598
141	-0.57
141.01	-0.534
141.02	-0.502
141.03	-0.48
141.04	-0.47
141.05	-0.47
141.06	-0.478
141.07	-0.491
141.08	-0.508
141.09	-0.526
141.1	-0.545
141.11	-0.561
141.12	-0.573
141.13	-0.581
141.14	-0.584
141.15	-0.583
141.16	-0.575
141.17	-0.554
141.18	-0.516
141.19	-0.461
141.2	-0.392
141.21	-0.316
141.22	-0.238
141.23	-0.166
141.24	-0.104
141.25	-0.057
141.26	-0.027
141.27	-0.014
141.28	-0.014
141.29	-0.021
141.3	-0.028
141.31	-0.031
141.32	-0.033
141.33	-0.037
141.34	-0.042
141.35	-0.047
141.36	-0.048
141.37	-0.04
141.38	-0.017
141.39	0.026
141.4	0.09
141.41	0.169
141.42	0.257
141.43	0.348
141.44	0.439
141.45	0.526
141.46	0.608
141.47	0.682
141.48	0.745
141.49	0.796
141.5	0.83
141.51	0.846
141.52	0.843
141.53	0.825
141.54	0.797
141.55	0.765
141.56	0.73
141.57	0.694
141.58	0.656
141.59	0.616
141.6	0.576
141.61	0.536
141.62	0.5
141.63	0.473
141.64	0.459
141.65	0.46
141.66	0.476
141.67	0.506
141.68	0.546
141.69	0.589
141.7	0.631
141.71	0.668
141.72	0.701
141.73	0.73
141.74	0.755
141.75	0.78
141.76	0.805
141.77	0.828
141.78	0.846
141.79	0.854
141.8	0.854
141.81	0.85
141.82	0.846
141.83	0.843
141.84	0.834
141.85	0.814
141.86	0.783
141.87	0.742
141.88	0.698
141.89	0.651
141.9	0.599
141.91	0.538
141.92	0.47
141.93	0.397
141.94	0.324
141.95	0.254
141.96	0.191
141.97	0.134
141.98	0.085
141.99	0.043
142	0.008
142.01	-0.021
142.02	-0.044
142.03	-0.062
142.04	-0.075
142.05	-0.085
142.06	-0.092
142.07	-0.096
142.08	-0.098
142.09	-0.097
142.1	-0.095
142.11	-0.093
142.12	-0.096
142.13	-0.106
142.14	-0.126
142.15	-0.155
142.16	-0.193
142.17	-0.235
142.18	-0.276
142.19	-0.313
142.2	-0.345
142.21	-0.376
142.22	-0.41
142.23	-0.443
142.24	-0.47
142.25	-0.484
142.26	-0.489
142.27	-0.489
142.28	-0.494
142.29	-0.504
142.3	-0.52
142.31	-0.541
142.32	-0.564
142.33	-0.59
142.34	-0.617
142.35	-0.643
142.36	-0.663
142.37	-0.673
142.38	-0.673
142.39	-0.665
142.4	-0.656
142.41	-0.649
142.42	-0.648
142.43	-0.658
142.44	-0.676
142.45	-0.696
142.46	-0.713
142.47	-0.723
142.48	-0.725
142.49	-0.722
142.5	-0.714
142.51	-0.699
142.52	-0.674
142.53	-0.639
142.54	-0.594
142.55	-0.543
142.56	-0.488
142.57	-0.432
142.58	-0.379
142.59	-0.329
142.6	-0.283
142.61	-0.237
142.62	-0.192
142.63	-0.146
142.64	-0.102
142.65	-0.061
142.66	-0.027
142.67	-0.004
142.68	0.006
142.69	0.004
142.7	-0.009
142.71	-0.029
142.72	-0.054
142.73	-0.084
142.74	-0.114
142.75	-0.139
142.76	-0.152
142.77	-0.149
142.78	-0.13
142.79	-0.104
142.8	-0.076
142.81	-0.046
142.82	-0.013
142.83	0.026
142.84	0.069
142.85	0.112
142.86	0.149
142.87	0.181
142.88	0.204
142.89	0.221
142.9	0.23
142.91	0.231
142.92	0.224
142.93	0.21
142.94	0.192
142.95	0.17
142.96	0.149
142.97	0.13
142.98	0.115
142.99	0.106
143	0.099
143.01	0.094
143.02	0.087
143.03	0.079
143.04	0.07
143.05	0.06
143.06	0.05
143.07	0.041
143.08	0.034
143.09	0.029
143.1	0.024
143.11	0.019
143.12	0.011
143.13	-0.005
143.14	-0.027
143.15	-0.052
143.16	-0.075
143.17	-0.094
143.18	-0.107
143.19	-0.115
143.2	-0.12
143.21	-0.122
143.22	-0.119
143.23	-0.114
143.24	-0.108
143.25	-0.104
143.26	-0.101
143.27	-0.1
143.28	-0.096
143.29	-0.089
143.3	-0.076
143.31	-0.057
143.32	-0.032
143.33	0
143.34	0.04
143.35	0.087
143.36	0.135
143.37	0.173
143.38	0.195
143.39	0.201
143.4	0.196
143.41	0.186
143.42	0.177
143.43	0.173
143.44	0.178
143.45	0.186
143.46	0.186
143.47	0.17
143.48	0.135
143.49	0.086
143.5	0.03
143.51	-0.025
143.52	-0.071
143.53	-0.102
143.54	-0.119
143.55	-0.131
143.56	-0.143
143.57	-0.161
143.58	-0.181
143.59	-0.203
143.6	-0.226
143.61	-0.252
143.62	-0.286
143.63	-0.329
143.64	-0.38
143.65	-0.435
143.66	-0.491
143.67	-0.548
143.68	-0.602
143.69	-0.651
143.7	-0.69
143.71	-0.713
143.72	-0.717
143.73	-0.705
143.74	-0.685
143.75	-0.661
143.76	-0.633
143.77	-0.601
143.78	-0.561
143.79	-0.513
143.8	-0.457
143.81	-0.393
143.82	-0.328
143.83	-0.267
143.84	-0.215
143.85	-0.176
143.86	-0.146
143.87	-0.125
143.88	-0.108
143.89	-0.091
143.9	-0.072
143.91	-0.045
143.92	-0.007
143.93	0.044
143.94	0.105
143.95	0.16
143.96	0.198
143.97	0.216
143.98	0.22
143.99	0.219
144	0.219
144.01	0.219
144.02	0.221
144.03	0.221
144.04	0.219
144.05	0.212
144.06	0.201
144.07	0.185
144.08	0.165
144.09	0.143
144.1	0.127
144.11	0.124
144.12	0.135
144.13	0.153
144.14	0.168
144.15	0.177
144.16	0.181
144.17	0.181
144.18	0.18
144.19	0.177
144.2	0.171
144.21	0.16
144.22	0.145
144.23	0.125
144.24	0.1
144.25	0.071
144.26	0.04
144.27	0.008
144.28	-0.024
144.29	-0.054
144.3	-0.081
144.31	-0.102
144.32	-0.116
144.33	-0.121
144.34	-0.121
144.35	-0.12
144.36	-0.125
144.37	-0.14
144.38	-0.165
144.39	-0.202
144.4	-0.248
144.41	-0.3
144.42	-0.352
144.43	-0.4
144.44	-0.442
144.45	-0.476
144.46	-0.502
144.47	-0.523
144.48	-0.543
144.49	-0.561
144.5	-0.57
144.51	-0.567
144.52	-0.549
144.53	-0.52
144.54	-0.483
144.55	-0.442
144.56	-0.392
144.57	-0.332
144.58	-0.263
144.59	-0.196
144.6	-0.143
144.61	-0.108
144.62	-0.089
144.63	-0.082
144.64	-0.081
144.65	-0.087
144.66	-0.1
144.67	-0.12
144.68	-0.148
144.69	-0.183
144.7	-0.226
144.71	-0.274
144.72	-0.321
144.73	-0.364
144.74	-0.397
144.75	-0.415
144.76	-0.415
144.77	-0.393
144.78	-0.35
144.79	-0.287
144.8	-0.209
144.81	-0.123
144.82	-0.035
144.83	0.051
144.84	0.131
144.85	0.207
144.86	0.279
144.87	0.352
144.88	0.426
144.89	0.497
144.9	0.561
144.91	0.612
144.92	0.649
144.93	0.676
144.94	0.697
144.95	0.715
144.96	0.731
144.97	0.746
144.98	0.761
144.99	0.778
145	0.8
145.01	0.825
145.02	0.854
145.03	0.884
145.04	0.914
145.05	0.94
145.06	0.958
145.07	0.968
145.08	0.97
145.09	0.962
145.1	0.947
145.11	0.924
145.12	0.892
145.13	0.851
145.14	0.806
145.15	0.758
145.16	0.709
145.17	0.661
145.18	0.615
145.19	0.568
145.2	0.515
145.21	0.448
145.22	0.367
145.23	0.274
145.24	0.176
145.25	0.077
145.26	-0.021
145.27	-0.116
145.28	-0.207
145.29	-0.293
145.3	-0.373
145.31	-0.447
145.32	-0.513
145.33	-0.569
145.34	-0.614
145.35	-0.646
145.36	-0.664
145.37	-0.666
145.38	-0.651
145.39	-0.619
145.4	-0.573
145.41	-0.514
145.42	-0.45
145.43	-0.385
145.44	-0.324
145.45	-0.27
145.46	-0.227
145.47	-0.198
145.48	-0.183
145.49	-0.182
145.5	-0.191
145.51	-0.204
145.52	-0.215
145.53	-0.221
145.54	-0.222
145.55	-0.221
145.56	-0.217
145.57	-0.211
145.58	-0.201
145.59	-0.188
145.6	-0.173
145.61	-0.157
145.62	-0.139
145.63	-0.117
145.64	-0.091
145.65	-0.063
145.66	-0.039
145.67	-0.022
145.68	-0.017
145.69	-0.022
145.7	-0.036
145.71	-0.054
145.72	-0.073
145.73	-0.088
145.74	-0.095
145.75	-0.097
145.76	-0.096
145.77	-0.093
145.78	-0.089
145.79	-0.081
145.8	-0.068
145.81	-0.043
145.82	0
145.83	0.062
145.84	0.133
145.85	0.201
145.86	0.26
145.87	0.305
145.88	0.339
145.89	0.363
145.9	0.382
145.91	0.401
145.92	0.421
145.93	0.441
145.94	0.455
145.95	0.46
145.96	0.459
145.97	0.456
145.98	0.454
145.99	0.452
146	0.444
146.01	0.43
146.02	0.408
146.03	0.386
146.04	0.365
146.05	0.345
146.06	0.319
146.07	0.283
146.08	0.237
146.09	0.186
146.1	0.138
146.11	0.096
146.12	0.065
146.13	0.045
146.14	0.037
146.15	0.039
146.16	0.048
146.17	0.062
146.18	0.076
146.19	0.087
146.2	0.095
146.21	0.102
146.22	0.112
146.23	0.125
146.24	0.137
146.25	0.144
146.26	0.148
146.27	0.155
146.28	0.172
146.29	0.201
146.3	0.233
146.31	0.256
146.32	0.264
146.33	0.257
146.34	0.242
146.35	0.223
146.36	0.202
146.37	0.18
146.38	0.158
146.39	0.137
146.4	0.117
146.41	0.098
146.42	0.082
146.43	0.07
146.44	0.064
146.45	0.056
146.46	0.042
146.47	0.014
146.48	-0.028
146.49	-0.087
146.5	-0.161
146.51	-0.241
146.52	-0.316
146.53	-0.377
146.54	-0.424
146.55	-0.459
146.56	-0.488
146.57	-0.511
146.58	-0.53
146.59	-0.545
146.6	-0.557
146.61	-0.574
146.62	-0.598
146.63	-0.631
146.64	-0.669
146.65	-0.71
146.66	-0.749
146.67	-0.779
146.68	-0.796
146.69	-0.795
146.7	-0.776
146.71	-0.737
146.72	-0.683
146.73	-0.62
146.74	-0.555
146.75	-0.491
146.76	-0.425
146.77	-0.354
146.78	-0.276
146.79	-0.19
146.8	-0.098
146.81	-0.004
146.82	0.082
146.83	0.153
146.84	0.203
146.85	0.228
146.86	0.227
146.87	0.201
146.88	0.153
146.89	0.086
146.9	0.006
146.91	-0.075
146.92	-0.146
146.93	-0.203
146.94	-0.245
146.95	-0.276
146.96	-0.303
146.97	-0.328
146.98	-0.354
146.99	-0.382
147	-0.403
147.01	-0.408
147.02	-0.39
147.03	-0.354
147.04	-0.307
147.05	-0.256
147.06	-0.208
147.07	-0.166
147.08	-0.131
147.09	-0.109
147.1	-0.103
147.11	-0.116
147.12	-0.148
147.13	-0.197
147.14	-0.26
147.15	-0.327
147.16	-0.386
147.17	-0.427
147.18	-0.447
147.19	-0.45
147.2	-0.442
147.21	-0.429
147.22	-0.414
147.23	-0.4
147.24	-0.388
147.25	-0.375
147.26	-0.357
147.27	-0.334
147.28	-0.309
147.29	-0.284
147.3	-0.262
147.31	-0.242
147.32	-0.222
147.33	-0.204
147.34	-0.19
147.35	-0.183
147.36	-0.185
147.37	-0.194
147.38	-0.21
147.39	-0.229
147.4	-0.246
147.41	-0.256
147.42	-0.258
147.43	-0.255
147.44	-0.253
147.45	-0.257
147.46	-0.272
147.47	-0.298
147.48	-0.334
147.49	-0.377
147.5	-0.419
147.51	-0.455
147.52	-0.482
147.53	-0.499
147.54	-0.506
147.55	-0.501
147.56	-0.485
147.57	-0.458
147.58	-0.422
147.59	-0.379
147.6	-0.333
147.61	-0.285
147.62	-0.241
147.63	-0.201
147.64	-0.166
147.65	-0.132
147.66	-0.097
147.67	-0.064
147.68	-0.036
147.69	-0.019
147.7	-0.013
147.71	-0.018
147.72	-0.032
147.73	-0.051
147.74	-0.071
147.75	-0.089
147.76	-0.104
147.77	-0.117
147.78	-0.13
147.79	-0.143
147.8	-0.151
147.81	-0.151
147.82	-0.14
147.83	-0.118
147.84	-0.084
147.85	-0.039
147.86	0.014
147.87	0.072
147.88	0.132
147.89	0.193
147.9	0.254
147.91	0.312
147.92	0.367
147.93	0.418
147.94	0.463
147.95	0.501
147.96	0.529
147.97	0.547
147.98	0.557
147.99	0.561
148	0.561
148.01	0.558
148.02	0.553
148.03	0.547
148.04	0.537
148.05	0.522
148.06	0.502
148.07	0.481
148.08	0.467
148.09	0.464
148.1	0.474
148.11	0.494
148.12	0.521
148.13	0.55
148.14	0.579
148.15	0.603
148.16	0.621
148.17	0.634
148.18	0.642
148.19	0.645
148.2	0.643
148.21	0.638
148.22	0.631
148.23	0.629
148.24	0.636
148.25	0.648
148.26	0.66
148.27	0.663
148.28	0.655
148.29	0.64
148.3	0.621
148.31	0.6
148.32	0.575
148.33	0.546
148.34	0.512
148.35	0.475
148.36	0.434
148.37	0.395
148.38	0.365
148.39	0.351
148.4	0.354
148.41	0.366
148.42	0.379
148.43	0.39
148.44	0.4
148.45	0.413
148.46	0.434
148.47	0.465
148.48	0.513
148.49	0.575
148.5	0.642
148.51	0.703
148.52	0.751
148.53	0.781
148.54	0.792
148.55	0.782
148.56	0.752
148.57	0.704
148.58	0.64
148.59	0.562
148.6	0.474
148.61	0.381
148.62	0.287
148.63	0.2
148.64	0.123
148.65	0.057
148.66	0
148.67	-0.049
148.68	-0.09
148.69	-0.124
148.7	-0.148
148.71	-0.157
148.72	-0.147
148.73	-0.115
148.74	-0.068
148.75	-0.017
148.76	0.027
148.77	0.062
148.78	0.087
148.79	0.105
148.8	0.116
148.81	0.123
148.82	0.127
148.83	0.125
148.84	0.114
148.85	0.095
148.86	0.071
148.87	0.053
148.88	0.049
148.89	0.06
148.9	0.086
148.91	0.12
148.92	0.159
148.93	0.201
148.94	0.242
148.95	0.282
148.96	0.32
148.97	0.357
148.98	0.395
148.99	0.435
149	0.479
149.01	0.524
149.02	0.566
149.03	0.6
149.04	0.622
149.05	0.629
149.06	0.621
149.07	0.597
149.08	0.559
149.09	0.506
149.1	0.439
149.11	0.363
149.12	0.28
149.13	0.193
149.14	0.11
149.15	0.036
149.16	-0.026
149.17	-0.078
149.18	-0.121
149.19	-0.158
149.2	-0.186
149.21	-0.2
149.22	-0.201
149.23	-0.189
149.24	-0.168
149.25	-0.141
149.26	-0.116
149.27	-0.098
149.28	-0.09
149.29	-0.095
149.3	-0.112
149.31	-0.14
149.32	-0.175
149.33	-0.215
149.34	-0.256
149.35	-0.293
149.36	-0.321
149.37	-0.337
149.38	-0.345
149.39	-0.349
149.4	-0.354
149.41	-0.36
149.42	-0.367
149.43	-0.375
149.44	-0.386
149.45	-0.403
149.46	-0.428
149.47	-0.46
149.48	-0.493
149.49	-0.522
149.5	-0.543
149.51	-0.555
149.52	-0.556
149.53	-0.548
149.54	-0.53
149.55	-0.506
149.56	-0.477
149.57	-0.448
149.58	-0.42
149.59	-0.395
149.6	-0.369
149.61	-0.341
149.62	-0.308
149.63	-0.269
149.64	-0.221
149.65	-0.169
149.66	-0.119
149.67	-0.081
149.68	-0.057
149.69	-0.045
149.7	-0.042
149.71	-0.043
149.72	-0.039
149.73	-0.025
149.74	0.003
149.75	0.045
149.76	0.1
149.77	0.165
149.78	0.233
149.79	0.298
149.8	0.354
149.81	0.401
149.82	0.437
149.83	0.461
149.84	0.468
149.85	0.451
149.86	0.41
149.87	0.347
149.88	0.27
149.89	0.188
149.9	0.108
149.91	0.034
149.92	-0.029
149.93	-0.086
149.94	-0.142
149.95	-0.204
149.96	-0.274
149.97	-0.357
149.98	-0.45
149.99	-0.549
150	-0.643
150.01	-0.725
150.02	-0.792
150.03	-0.841
150.04	-0.87
150.05	-0.879
150.06	-0.865
150.07	-0.828
150.08	-0.769
150.09	-0.694
150.1	-0.607
150.11	-0.514
150.12	-0.419
150.13	-0.325
150.14	-0.237
150.15	-0.156
150.16	-0.085
150.17	-0.026
150.18	0.018
150.19	0.044
150.2	0.051
150.21	0.041
150.22	0.013
150.23	-0.03
150.24	-0.091
150.25	-0.169
150.26	-0.259
150.27	-0.35
150.28	-0.433
150.29	-0.502
150.3	-0.556
150.31	-0.597
150.32	-0.629
150.33	-0.655
150.34	-0.68
150.35	-0.703
150.36	-0.714
150.37	-0.705
150.38	-0.67
150.39	-0.614
150.4	-0.545
150.41	-0.473
150.42	-0.404
150.43	-0.343
150.44	-0.294
150.45	-0.258
150.46	-0.233
150.47	-0.219
150.48	-0.212
150.49	-0.213
150.5	-0.218
150.51	-0.226
150.52	-0.235
150.53	-0.243
150.54	-0.245
150.55	-0.238
150.56	-0.219
150.57	-0.19
150.58	-0.156
150.59	-0.119
150.6	-0.078
150.61	-0.028
150.62	0.033
150.63	0.102
150.64	0.172
150.65	0.238
150.66	0.293
150.67	0.333
150.68	0.356
150.69	0.364
150.7	0.366
150.71	0.367
150.72	0.37
150.73	0.371
150.74	0.367
150.75	0.352
150.76	0.315
150.77	0.25
150.78	0.162
150.79	0.064
150.8	-0.028
150.81	-0.107
150.82	-0.168
150.83	-0.211
150.84	-0.238
150.85	-0.25
150.86	-0.251
150.87	-0.242
150.88	-0.224
150.89	-0.196
150.9	-0.162
150.91	-0.128
150.92	-0.103
150.93	-0.09
150.94	-0.089
150.95	-0.094
150.96	-0.104
150.97	-0.115
150.98	-0.128
150.99	-0.139
151	-0.144
151.01	-0.14
151.02	-0.124
151.03	-0.097
151.04	-0.064
151.05	-0.028
151.06	0.005
151.07	0.032
151.08	0.048
151.09	0.053
151.1	0.049
151.11	0.038
151.12	0.022
151.13	0.002
151.14	-0.018
151.15	-0.04
151.16	-0.064
151.17	-0.091
151.18	-0.118
151.19	-0.141
151.2	-0.154
151.21	-0.157
151.22	-0.151
151.23	-0.137
151.24	-0.118
151.25	-0.097
151.26	-0.076
151.27	-0.057
151.28	-0.042
151.29	-0.029
151.3	-0.018
151.31	-0.008
151.32	0.002
151.33	0.014
151.34	0.027
151.35	0.043
151.36	0.063
151.37	0.084
151.38	0.107
151.39	0.128
151.4	0.144
151.41	0.152
151.42	0.151
151.43	0.148
151.44	0.148
151.45	0.154
151.46	0.162
151.47	0.172
151.48	0.18
151.49	0.186
151.5	0.192
151.51	0.198
151.52	0.204
151.53	0.211
151.54	0.217
151.55	0.221
151.56	0.216
151.57	0.203
151.58	0.178
151.59	0.141
151.6	0.096
151.61	0.047
151.62	0.003
151.63	-0.035
151.64	-0.067
151.65	-0.096
151.66	-0.123
151.67	-0.147
151.68	-0.164
151.69	-0.17
151.7	-0.165
151.71	-0.146
151.72	-0.115
151.73	-0.074
151.74	-0.025
151.75	0.029
151.76	0.089
151.77	0.154
151.78	0.227
151.79	0.305
151.8	0.387
151.81	0.472
151.82	0.556
151.83	0.635
151.84	0.706
151.85	0.77
151.86	0.832
151.87	0.894
151.88	0.958
151.89	1.02
151.9	1.08
151.91	1.139
151.92	1.201
151.93	1.268
151.94	1.341
151.95	1.417
151.96	1.492
151.97	1.562
151.98	1.617
151.99	1.652
152	1.666
152.01	1.663
152.02	1.646
152.03	1.621
152.04	1.592
152.05	1.562
152.06	1.535
152.07	1.51
152.08	1.489
152.09	1.467
152.1	1.44
152.11	1.402
152.12	1.351
152.13	1.293
152.14	1.235
152.15	1.182
152.16	1.135
152.17	1.096
152.18	1.067
152.19	1.05
152.2	1.046
152.21	1.055
152.22	1.069
152.23	1.079
152.24	1.081
152.25	1.068
152.26	1.036
152.27	0.988
152.28	0.931
152.29	0.873
152.3	0.821
152.31	0.777
152.32	0.742
152.33	0.716
152.34	0.695
152.35	0.678
152.36	0.661
152.37	0.64
152.38	0.611
152.39	0.572
152.4	0.523
152.41	0.465
152.42	0.398
152.43	0.323
152.44	0.241
152.45	0.152
152.46	0.059
152.47	-0.035
152.48	-0.128
152.49	-0.218
152.5	-0.303
152.51	-0.383
152.52	-0.46
152.53	-0.536
152.54	-0.613
152.55	-0.688
152.56	-0.757
152.57	-0.817
152.58	-0.864
152.59	-0.899
152.6	-0.92
152.61	-0.928
152.62	-0.923
152.63	-0.903
152.64	-0.871
152.65	-0.825
152.66	-0.768
152.67	-0.704
152.68	-0.638
152.69	-0.577
152.7	-0.526
152.71	-0.495
152.72	-0.487
152.73	-0.497
152.74	-0.512
152.75	-0.516
152.76	-0.501
152.77	-0.468
152.78	-0.419
152.79	-0.361
152.8	-0.303
152.81	-0.254
152.82	-0.219
152.83	-0.199
152.84	-0.193
152.85	-0.198
152.86	-0.212
152.87	-0.232
152.88	-0.257
152.89	-0.287
152.9	-0.324
152.91	-0.366
152.92	-0.408
152.93	-0.441
152.94	-0.461
152.95	-0.473
152.96	-0.482
152.97	-0.489
152.98	-0.492
152.99	-0.485
153	-0.465
153.01	-0.434
153.02	-0.397
153.03	-0.357
153.04	-0.318
153.05	-0.28
153.06	-0.246
153.07	-0.219
153.08	-0.204
153.09	-0.202
153.1	-0.218
153.11	-0.251
153.12	-0.301
153.13	-0.361
153.14	-0.421
153.15	-0.475
153.16	-0.515
153.17	-0.538
153.18	-0.544
153.19	-0.531
153.2	-0.499
153.21	-0.451
153.22	-0.39
153.23	-0.327
153.24	-0.27
153.25	-0.221
153.26	-0.178
153.27	-0.136
153.28	-0.093
153.29	-0.053
153.3	-0.018
153.31	0.01
153.32	0.027
153.33	0.032
153.34	0.025
153.35	0.009
153.36	-0.011
153.37	-0.033
153.38	-0.054
153.39	-0.07
153.4	-0.084
153.41	-0.1
153.42	-0.123
153.43	-0.158
153.44	-0.202
153.45	-0.25
153.46	-0.299
153.47	-0.343
153.48	-0.381
153.49	-0.409
153.5	-0.425
153.51	-0.427
153.52	-0.415
153.53	-0.393
153.54	-0.366
153.55	-0.337
153.56	-0.304
153.57	-0.261
153.58	-0.202
153.59	-0.132
153.6	-0.059
153.61	0.009
153.62	0.068
153.63	0.118
153.64	0.16
153.65	0.197
153.66	0.231
153.67	0.265
153.68	0.299
153.69	0.33
153.7	0.355
153.71	0.369
153.72	0.364
153.73	0.337
153.74	0.288
153.75	0.225
153.76	0.156
153.77	0.086
153.78	0.017
153.79	-0.052
153.8	-0.12
153.81	-0.186
153.82	-0.249
153.83	-0.306
153.84	-0.354
153.85	-0.392
153.86	-0.417
153.87	-0.426
153.88	-0.417
153.89	-0.391
153.9	-0.349
153.91	-0.297
153.92	-0.237
153.93	-0.176
153.94	-0.116
153.95	-0.061
153.96	-0.009
153.97	0.039
153.98	0.084
153.99	0.123
154	0.154
154.01	0.174
154.02	0.187
154.03	0.197
154.04	0.207
154.05	0.217
154.06	0.224
154.07	0.226
154.08	0.223
154.09	0.215
154.1	0.203
154.11	0.184
154.12	0.156
154.13	0.121
154.14	0.083
154.15	0.055
154.16	0.041
154.17	0.043
154.18	0.055
154.19	0.072
154.2	0.09
154.21	0.11
154.22	0.132
154.23	0.151
154.24	0.165
154.25	0.169
154.26	0.165
154.27	0.159
154.28	0.156
154.29	0.157
154.3	0.161
154.31	0.169
154.32	0.179
154.33	0.196
154.34	0.219
154.35	0.248
154.36	0.278
154.37	0.305
154.38	0.333
154.39	0.37
154.4	0.426
154.41	0.504
154.42	0.599
154.43	0.707
154.44	0.823
154.45	0.95
154.46	1.087
154.47	1.232
154.48	1.375
154.49	1.508
154.5	1.624
154.51	1.723
154.52	1.805
154.53	1.871
154.54	1.925
154.55	1.966
154.56	1.996
154.57	2.01
154.58	2.002
154.59	1.973
154.6	1.925
154.61	1.86
154.62	1.787
154.63	1.717
154.64	1.66
154.65	1.625
154.66	1.614
154.67	1.627
154.68	1.662
154.69	1.71
154.7	1.76
154.71	1.806
154.72	1.848
154.73	1.891
154.74	1.937
154.75	1.984
154.76	2.023
154.77	2.051
154.78	2.068
154.79	2.077
154.8	2.081
154.81	2.084
154.82	2.085
154.83	2.082
154.84	2.073
154.85	2.052
154.86	2.015
154.87	1.966
154.88	1.911
154.89	1.856
154.9	1.805
154.91	1.756
154.92	1.707
154.93	1.659
154.94	1.613
154.95	1.571
154.96	1.536
154.97	1.509
154.98	1.491
154.99	1.483
155	1.482
155.01	1.485
155.02	1.49
155.03	1.491
155.04	1.482
155.05	1.461
155.06	1.424
155.07	1.369
155.08	1.297
155.09	1.203
155.1	1.089
155.11	0.955
155.12	0.808
155.13	0.654
155.14	0.501
155.15	0.356
155.16	0.226
155.17	0.114
155.18	0.017
155.19	-0.072
155.2	-0.159
155.21	-0.244
155.22	-0.327
155.23	-0.406
155.24	-0.482
155.25	-0.558
155.26	-0.636
155.27	-0.716
155.28	-0.794
155.29	-0.868
155.3	-0.934
155.31	-0.99
155.32	-1.036
155.33	-1.076
155.34	-1.117
155.35	-1.167
155.36	-1.228
155.37	-1.299
155.38	-1.378
155.39	-1.462
155.4	-1.551
155.41	-1.643
155.42	-1.736
155.43	-1.826
155.44	-1.909
155.45	-1.986
155.46	-2.058
155.47	-2.128
155.48	-2.198
155.49	-2.27
155.5	-2.345
155.51	-2.421
155.52	-2.496
155.53	-2.564
155.54	-2.622
155.55	-2.661
155.56	-2.675
155.57	-2.666
155.58	-2.652
155.59	-2.655
155.6	-2.685
155.61	-2.735
155.62	-2.792
155.63	-2.845
155.64	-2.887
155.65	-2.914
155.66	-2.924
155.67	-2.917
155.68	-2.896
155.69	-2.862
155.7	-2.815
155.71	-2.755
155.72	-2.682
155.73	-2.602
155.74	-2.522
155.75	-2.448
155.76	-2.378
155.77	-2.31
155.78	-2.24
155.79	-2.164
155.8	-2.076
155.81	-1.975
155.82	-1.865
155.83	-1.752
155.84	-1.64
155.85	-1.528
155.86	-1.41
155.87	-1.283
155.88	-1.151
155.89	-1.024
155.9	-0.912
155.91	-0.819
155.92	-0.744
155.93	-0.688
155.94	-0.648
155.95	-0.625
155.96	-0.619
155.97	-0.626
155.98	-0.641
155.99	-0.657
156	-0.673
156.01	-0.691
156.02	-0.713
156.03	-0.741
156.04	-0.773
156.05	-0.809
156.06	-0.846
156.07	-0.874
156.08	-0.889
156.09	-0.885
156.1	-0.861
156.11	-0.816
156.12	-0.753
156.13	-0.676
156.14	-0.59
156.15	-0.502
156.16	-0.42
156.17	-0.353
156.18	-0.307
156.19	-0.281
156.2	-0.274
156.21	-0.28
156.22	-0.295
156.23	-0.309
156.24	-0.319
156.25	-0.318
156.26	-0.301
156.27	-0.268
156.28	-0.22
156.29	-0.16
156.3	-0.094
156.31	-0.029
156.32	0.024
156.33	0.063
156.34	0.087
156.35	0.101
156.36	0.108
156.37	0.111
156.38	0.111
156.39	0.11
156.4	0.108
156.41	0.105
156.42	0.102
156.43	0.1
156.44	0.102
156.45	0.111
156.46	0.122
156.47	0.131
156.48	0.136
156.49	0.136
156.5	0.133
156.51	0.131
156.52	0.129
156.53	0.127
156.54	0.127
156.55	0.134
156.56	0.154
156.57	0.195
156.58	0.25
156.59	0.311
156.6	0.367
156.61	0.413
156.62	0.451
156.63	0.483
156.64	0.513
156.65	0.545
156.66	0.581
156.67	0.62
156.68	0.655
156.69	0.68
156.7	0.69
156.71	0.685
156.72	0.664
156.73	0.63
156.74	0.589
156.75	0.547
156.76	0.506
156.77	0.463
156.78	0.412
156.79	0.352
156.8	0.286
156.81	0.22
156.82	0.158
156.83	0.105
156.84	0.064
156.85	0.035
156.86	0.019
156.87	0.013
156.88	0.017
156.89	0.026
156.9	0.035
156.91	0.04
156.92	0.035
156.93	0.015
156.94	-0.022
156.95	-0.069
156.96	-0.115
156.97	-0.152
156.98	-0.176
156.99	-0.186
157	-0.181
157.01	-0.167
157.02	-0.147
157.03	-0.127
157.04	-0.109
157.05	-0.091
157.06	-0.074
157.07	-0.06
157.08	-0.053
157.09	-0.053
157.1	-0.061
157.11	-0.074
157.12	-0.089
157.13	-0.102
157.14	-0.114
157.15	-0.124
157.16	-0.133
157.17	-0.144
157.18	-0.158
157.19	-0.174
157.2	-0.185
157.21	-0.186
157.22	-0.172
157.23	-0.146
157.24	-0.111
157.25	-0.071
157.26	-0.034
157.27	-0.005
157.28	0.013
157.29	0.022
157.3	0.026
157.31	0.028
157.32	0.027
157.33	0.022
157.34	0.011
157.35	-0.006
157.36	-0.03
157.37	-0.059
157.38	-0.091
157.39	-0.119
157.4	-0.144
157.41	-0.168
157.42	-0.198
157.43	-0.239
157.44	-0.289
157.45	-0.344
157.46	-0.4
157.47	-0.453
157.48	-0.497
157.49	-0.53
157.5	-0.549
157.51	-0.554
157.52	-0.545
157.53	-0.522
157.54	-0.484
157.55	-0.434
157.56	-0.385
157.57	-0.355
157.58	-0.355
157.59	-0.386
157.6	-0.44
157.61	-0.509
157.62	-0.584
157.63	-0.656
157.64	-0.719
157.65	-0.769
157.66	-0.804
157.67	-0.826
157.68	-0.834
157.69	-0.83
157.7	-0.814
157.71	-0.79
157.72	-0.762
157.73	-0.736
157.74	-0.711
157.75	-0.68
157.76	-0.636
157.77	-0.579
157.78	-0.508
157.79	-0.428
157.8	-0.342
157.81	-0.255
157.82	-0.17
157.83	-0.091
157.84	-0.021
157.85	0.035
157.86	0.078
157.87	0.107
157.88	0.124
157.89	0.128
157.9	0.115
157.91	0.081
157.92	0.028
157.93	-0.031
157.94	-0.082
157.95	-0.114
157.96	-0.126
157.97	-0.119
157.98	-0.095
157.99	-0.061
158	-0.022
158.01	0.016
158.02	0.047
158.03	0.064
158.04	0.064
158.05	0.048
158.06	0.018
158.07	-0.021
158.08	-0.061
158.09	-0.093
158.1	-0.11
158.11	-0.113
158.12	-0.106
158.13	-0.093
158.14	-0.076
158.15	-0.054
158.16	-0.029
158.17	-0.002
158.18	0.023
158.19	0.043
158.2	0.06
158.21	0.077
158.22	0.099
158.23	0.126
158.24	0.158
158.25	0.193
158.26	0.23
158.27	0.267
158.28	0.302
158.29	0.336
158.3	0.373
158.31	0.414
158.32	0.46
158.33	0.505
158.34	0.542
158.35	0.566
158.36	0.577
158.37	0.574
158.38	0.559
158.39	0.539
158.4	0.519
158.41	0.503
158.42	0.493
158.43	0.489
158.44	0.492
158.45	0.504
158.46	0.53
158.47	0.569
158.48	0.609
158.49	0.638
158.5	0.65
158.51	0.646
158.52	0.629
158.53	0.603
158.54	0.573
158.55	0.541
158.56	0.508
158.57	0.476
158.58	0.441
158.59	0.404
158.6	0.363
158.61	0.319
158.62	0.274
158.63	0.232
158.64	0.197
158.65	0.175
158.66	0.162
158.67	0.157
158.68	0.156
158.69	0.159
158.7	0.166
158.71	0.178
158.72	0.188
158.73	0.189
158.74	0.174
158.75	0.142
158.76	0.098
158.77	0.048
158.78	-0.001
158.79	-0.045
158.8	-0.078
158.81	-0.104
158.82	-0.128
158.83	-0.157
158.84	-0.19
158.85	-0.223
158.86	-0.249
158.87	-0.265
158.88	-0.274
158.89	-0.278
158.9	-0.278
158.91	-0.276
158.92	-0.269
158.93	-0.259
158.94	-0.247
158.95	-0.235
158.96	-0.224
158.97	-0.213
158.98	-0.202
158.99	-0.191
159	-0.18
159.01	-0.17
159.02	-0.163
159.03	-0.156
159.04	-0.151
159.05	-0.148
159.06	-0.149
159.07	-0.157
159.08	-0.172
159.09	-0.191
159.1	-0.211
159.11	-0.228
159.12	-0.241
159.13	-0.248
159.14	-0.249
159.15	-0.246
159.16	-0.241
159.17	-0.236
159.18	-0.227
159.19	-0.214
159.2	-0.194
159.21	-0.169
159.22	-0.143
159.23	-0.117
159.24	-0.092
159.25	-0.064
159.26	-0.032
159.27	0.007
159.28	0.053
159.29	0.107
159.3	0.165
159.31	0.22
159.32	0.268
159.33	0.302
159.34	0.322
159.35	0.327
159.36	0.317
159.37	0.295
159.38	0.263
159.39	0.227
159.4	0.193
159.41	0.167
159.42	0.151
159.43	0.143
159.44	0.139
159.45	0.138
159.46	0.141
159.47	0.153
159.48	0.172
159.49	0.197
159.5	0.225
159.51	0.254
159.52	0.286
159.53	0.322
159.54	0.359
159.55	0.393
159.56	0.417
159.57	0.428
159.58	0.427
159.59	0.417
159.6	0.399
159.61	0.373
159.62	0.337
159.63	0.292
159.64	0.244
159.65	0.196
159.66	0.151
159.67	0.108
159.68	0.064
159.69	0.018
159.7	-0.029
159.71	-0.073
159.72	-0.114
159.73	-0.153
159.74	-0.189
159.75	-0.224
159.76	-0.251
159.77	-0.264
159.78	-0.259
159.79	-0.237
159.8	-0.202
159.81	-0.161
159.82	-0.119
159.83	-0.083
159.84	-0.058
159.85	-0.044
159.86	-0.041
159.87	-0.048
159.88	-0.062
159.89	-0.079
159.9	-0.096
159.91	-0.11
159.92	-0.118
159.93	-0.118
159.94	-0.111
159.95	-0.097
159.96	-0.081
159.97	-0.068
159.98	-0.064
159.99	-0.072
