10	-0.463
10.01	-0.526
10.02	-0.589
10.03	-0.643
10.04	-0.682
10.05	-0.705
10.06	-0.715
10.07	-0.714
10.08	-0.703
10.09	-0.684
10.1	-0.656
10.11	-0.62
10.12	-0.573
10.13	-0.519
10.14	-0.466
10.15	-0.421
10.16	-0.39
10.17	-0.371
10.18	-0.358
10.19	-0.35
10.2	-0.347
10.21	-0.35
10.22	-0.36
10.23	-0.373
10.24	-0.383
10.25	-0.39
10.26	-0.394
10.27	-0.397
10.28	-0.403
10.29	-0.409
10.3	-0.413
10.31	-0.413
10.32	-0.406
10.33	-0.39
10.34	-0.364
10.35	-0.327
10.36	-0.283
10.37	-0.234
10.38	-0.183
10.39	-0.133
10.4	-0.087
10.41	-0.051
10.42	-0.031
10.43	-0.031
10.44	-0.048
10.45	-0.075
10.46	-0.102
10.47	-0.127
10.48	-0.148
10.49	-0.168
10.5	-0.186
10.51	-0.206
10.52	-0.226
10.53	-0.244
10.54	-0.254
10.55	-0.248
10.56	-0.225
10.57	-0.186
10.58	-0.136
10.59	-0.078
10.6	-0.022
10.61	0.028
10.62	0.069
10.63	0.104
10.64	0.14
10.65	0.181
10.66	0.231
10.67	0.295
10.68	0.371
10.69	0.451
10.7	0.524
10.71	0.584
10.72	0.631
10.73	0.664
10.74	0.683
10.75	0.689
10.76	0.68
10.77	0.659
10.78	0.632
10.79	0.607
10.8	0.584
10.81	0.56
10.82	0.526
10.83	0.48
10.84	0.427
10.85	0.377
10.86	0.335
10.87	0.304
10.88	0.285
10.89	0.277
10.9	0.281
10.91	0.296
10.92	0.323
10.93	0.359
10.94	0.402
10.95	0.449
10.96	0.499
10.97	0.551
10.98	0.604
10.99	0.655
11	0.701
11.01	0.739
11.02	0.767
11.03	0.784
11.04	0.79
11.05	0.786
11.06	0.769
11.07	0.742
11.08	0.708
11.09	0.67
11.1	0.633
11.11	0.595
11.12	0.553
11.13	0.505
11.14	0.456
11.15	0.421
11.16	0.409
11.17	0.424
11.18	0.461
11.19	0.511
11.2	0.566
11.21	0.618
11.22	0.66
11.23	0.687
11.24	0.7
11.25	0.7
11.26	0.69
11.27	0.67
11.28	0.644
11.29	0.614
11.3	0.584
11.31	0.561
11.32	0.545
11.33	0.529
11.34	0.507
11.35	0.475
11.36	0.434
11.37	0.389
11.38	0.345
11.39	0.303
11.4	0.263
11.41	0.225
11.42	0.192
11.43	0.17
11.44	0.16
11.45	0.162
11.46	0.173
11.47	0.189
11.48	0.204
11.49	0.213
11.5	0.212
11.51	0.198
11.52	0.171
11.53	0.132
11.54	0.084
11.55	0.032
11.56	-0.017
11.57	-0.063
11.58	-0.108
11.59	-0.153
11.6	-0.197
11.61	-0.235
11.62	-0.262
11.63	-0.277
11.64	-0.284
11.65	-0.289
11.66	-0.292
11.67	-0.293
11.68	-0.289
11.69	-0.278
11.7	-0.26
11.71	-0.233
11.72	-0.196
11.73	-0.147
11.74	-0.082
11.75	-0.002
11.76	0.09
11.77	0.19
11.78	0.294
11.79	0.398
11.8	0.5
11.81	0.596
11.82	0.681
11.83	0.748
11.84	0.793
11.85	0.815
11.86	0.811
11.87	0.782
11.88	0.729
11.89	0.652
11.9	0.557
11.91	0.45
11.92	0.343
11.93	0.242
11.94	0.151
11.95	0.072
11.96	0.006
11.97	-0.049
11.98	-0.097
11.99	-0.139
12	-0.176
12.01	-0.209
12.02	-0.236
12.03	-0.261
12.04	-0.285
12.05	-0.307
12.06	-0.325
12.07	-0.331
12.08	-0.324
12.09	-0.308
12.1	-0.29
12.11	-0.28
12.12	-0.277
12.13	-0.279
12.14	-0.283
12.15	-0.284
12.16	-0.278
12.17	-0.263
12.18	-0.237
12.19	-0.202
12.2	-0.159
12.21	-0.111
12.22	-0.063
12.23	-0.021
12.24	0.015
12.25	0.042
12.26	0.061
12.27	0.07
12.28	0.069
12.29	0.055
12.3	0.032
12.31	0.009
12.32	-0.006
12.33	-0.011
12.34	-0.013
12.35	-0.018
12.36	-0.029
12.37	-0.046
12.38	-0.065
12.39	-0.083
12.4	-0.099
12.41	-0.114
12.42	-0.128
12.43	-0.137
12.44	-0.142
12.45	-0.142
12.46	-0.143
12.47	-0.147
12.48	-0.16
12.49	-0.18
12.5	-0.205
12.51	-0.234
12.52	-0.257
12.53	-0.267
12.54	-0.261
12.55	-0.248
12.56	-0.24
12.57	-0.244
12.58	-0.255
12.59	-0.262
12.6	-0.258
12.61	-0.241
12.62	-0.213
12.63	-0.177
12.64	-0.138
12.65	-0.101
12.66	-0.071
12.67	-0.045
12.68	-0.021
12.69	0.002
12.7	0.023
12.71	0.036
12.72	0.035
12.73	0.023
12.74	0.004
12.75	-0.014
12.76	-0.03
12.77	-0.042
12.78	-0.052
12.79	-0.06
12.8	-0.069
12.81	-0.08
12.82	-0.095
12.83	-0.111
12.84	-0.13
12.85	-0.15
12.86	-0.174
12.87	-0.203
12.88	-0.235
12.89	-0.265
12.9	-0.288
12.91	-0.302
12.92	-0.306
12.93	-0.302
12.94	-0.291
12.95	-0.273
12.96	-0.248
12.97	-0.216
12.98	-0.178
12.99	-0.133
13	-0.087
13.01	-0.044
13.02	-0.013
13.03	0.001
13.04	-0.003
13.05	-0.026
13.06	-0.064
13.07	-0.107
13.08	-0.142
13.09	-0.162
13.1	-0.164
13.11	-0.15
13.12	-0.121
13.13	-0.084
13.14	-0.042
13.15	-0.001
13.16	0.038
13.17	0.076
13.18	0.111
13.19	0.146
13.2	0.181
13.21	0.217
13.22	0.251
13.23	0.281
13.24	0.303
13.25	0.318
13.26	0.327
13.27	0.331
13.28	0.331
13.29	0.326
13.3	0.312
13.31	0.29
13.32	0.258
13.33	0.217
13.34	0.168
13.35	0.118
13.36	0.071
13.37	0.029
13.38	-0.013
13.39	-0.059
13.4	-0.11
13.41	-0.168
13.42	-0.231
13.43	-0.298
13.44	-0.36
13.45	-0.409
13.46	-0.438
13.47	-0.44
13.48	-0.41
13.49	-0.348
13.5	-0.261
13.51	-0.158
13.52	-0.046
13.53	0.068
13.54	0.179
13.55	0.284
13.56	0.379
13.57	0.464
13.58	0.538
13.59	0.599
13.6	0.647
13.61	0.679
13.62	0.69
13.63	0.674
13.64	0.631
13.65	0.566
13.66	0.49
13.67	0.411
13.68	0.336
13.69	0.272
13.7	0.221
13.71	0.188
13.72	0.175
13.73	0.183
13.74	0.21
13.75	0.256
13.76	0.317
13.77	0.39
13.78	0.47
13.79	0.554
13.8	0.64
13.81	0.728
13.82	0.82
13.83	0.909
13.84	0.99
13.85	1.058
13.86	1.115
13.87	1.163
13.88	1.208
13.89	1.249
13.9	1.282
13.91	1.301
13.92	1.307
13.93	1.302
13.94	1.288
13.95	1.267
13.96	1.238
13.97	1.201
13.98	1.157
13.99	1.113
14	1.072
14.01	1.037
14.02	1.006
14.03	0.977
14.04	0.947
14.05	0.914
14.06	0.874
14.07	0.827
14.08	0.775
14.09	0.721
14.1	0.666
14.11	0.609
14.12	0.55
14.13	0.487
14.14	0.417
14.15	0.34
14.16	0.256
14.17	0.171
14.18	0.09
14.19	0.016
14.2	-0.052
14.21	-0.12
14.22	-0.188
14.23	-0.256
14.24	-0.323
14.25	-0.384
14.26	-0.438
14.27	-0.482
14.28	-0.515
14.29	-0.537
14.3	-0.549
14.31	-0.55
14.32	-0.542
14.33	-0.526
14.34	-0.504
14.35	-0.479
14.36	-0.457
14.37	-0.441
14.38	-0.429
14.39	-0.417
14.4	-0.401
14.41	-0.379
14.42	-0.354
14.43	-0.329
14.44	-0.309
14.45	-0.294
14.46	-0.287
14.47	-0.292
14.48	-0.314
14.49	-0.355
14.5	-0.416
14.51	-0.494
14.52	-0.584
14.53	-0.679
14.54	-0.77
14.55	-0.847
14.56	-0.906
14.57	-0.944
14.58	-0.962
14.59	-0.963
14.6	-0.952
14.61	-0.934
14.62	-0.912
14.63	-0.885
14.64	-0.854
14.65	-0.818
14.66	-0.782
14.67	-0.75
14.68	-0.725
14.69	-0.714
14.7	-0.72
14.71	-0.744
14.72	-0.787
14.73	-0.846
14.74	-0.918
14.75	-0.996
14.76	-1.072
14.77	-1.139
14.78	-1.192
14.79	-1.225
14.8	-1.239
14.81	-1.238
14.82	-1.233
14.83	-1.23
14.84	-1.227
14.85	-1.22
14.86	-1.204
14.87	-1.178
14.88	-1.144
14.89	-1.104
14.9	-1.061
14.91	-1.019
14.92	-0.981
14.93	-0.949
14.94	-0.92
14.95	-0.893
14.96	-0.865
14.97	-0.831
14.98	-0.788
14.99	-0.734
15	-0.668
15.01	-0.589
15.02	-0.504
15.03	-0.42
15.04	-0.346
15.05	-0.286
15.06	-0.243
15.07	-0.215
15.08	-0.2
15.09	-0.198
15.1	-0.205
15.11	-0.219
15.12	-0.233
15.13	-0.242
15.14	-0.244
15.15	-0.242
15.16	-0.238
15.17	-0.236
15.18	-0.237
15.19	-0.241
15.2	-0.248
15.21	-0.25
15.22	-0.244
15.23	-0.225
15.24	-0.19
15.25	-0.136
15.26	-0.067
15.27	0.007
15.28	0.074
15.29	0.126
15.3	0.162
15.31	0.186
15.32	0.202
15.33	0.207
15.34	0.2
15.35	0.178
15.36	0.143
15.37	0.099
15.38	0.05
15.39	-0.002
15.4	-0.054
15.41	-0.104
15.42	-0.15
15.43	-0.192
15.44	-0.231
15.45	-0.267
15.46	-0.3
15.47	-0.331
15.48	-0.357
15.49	-0.375
15.5	-0.38
15.51	-0.371
15.52	-0.351
15.53	-0.323
15.54	-0.29
15.55	-0.252
15.56	-0.211
15.57	-0.169
15.58	-0.127
15.59	-0.089
15.6	-0.055
15.61	-0.022
15.62	0.011
15.63	0.041
15.64	0.058
15.65	0.054
15.66	0.026
15.67	-0.014
15.68	-0.053
15.69	-0.085
15.7	-0.109
15.71	-0.13
15.72	-0.148
15.73	-0.163
15.74	-0.17
15.75	-0.168
15.76	-0.151
15.77	-0.117
15.78	-0.063
15.79	0.009
15.8	0.097
15.81	0.196
15.82	0.294
15.83	0.378
15.84	0.441
15.85	0.484
15.86	0.511
15.87	0.526
15.88	0.532
15.89	0.529
15.9	0.516
15.91	0.496
15.92	0.472
15.93	0.446
15.94	0.422
15.95	0.404
15.96	0.394
15.97	0.396
15.98	0.413
15.99	0.445
16	0.491
16.01	0.543
16.02	0.598
16.03	0.651
16.04	0.704
16.05	0.756
16.06	0.804
16.07	0.845
16.08	0.874
16.09	0.89
16.1	0.888
16.11	0.869
16.12	0.841
16.13	0.816
16.14	0.808
16.15	0.821
16.16	0.848
16.17	0.878
16.18	0.903
16.19	0.916
16.2	0.913
16.21	0.894
16.22	0.862
16.23	0.823
16.24	0.78
16.25	0.735
16.26	0.69
16.27	0.646
16.28	0.602
16.29	0.557
16.3	0.515
16.31	0.48
16.32	0.461
16.33	0.461
16.34	0.483
16.35	0.525
16.36	0.581
16.37	0.638
16.38	0.683
16.39	0.706
16.4	0.712
16.41	0.707
16.42	0.697
16.43	0.681
16.44	0.658
16.45	0.624
16.46	0.574
16.47	0.501
16.48	0.405
16.49	0.291
16.5	0.166
16.51	0.038
16.52	-0.085
16.53	-0.194
16.54	-0.285
16.55	-0.354
16.56	-0.4
16.57	-0.422
16.58	-0.427
16.59	-0.419
16.6	-0.405
16.61	-0.382
16.62	-0.344
16.63	-0.286
16.64	-0.209
16.65	-0.118
16.66	-0.021
16.67	0.075
16.68	0.16
16.69	0.228
16.7	0.279
16.71	0.319
16.72	0.355
16.73	0.386
16.74	0.411
16.75	0.422
16.76	0.418
16.77	0.396
16.78	0.357
16.79	0.302
16.8	0.233
16.81	0.154
16.82	0.069
16.83	-0.015
16.84	-0.092
16.85	-0.156
16.86	-0.201
16.87	-0.22
16.88	-0.215
16.89	-0.189
16.9	-0.152
16.91	-0.109
16.92	-0.065
16.93	-0.021
16.94	0.022
16.95	0.062
16.96	0.099
16.97	0.133
16.98	0.166
16.99	0.2
17	0.237
17.01	0.274
17.02	0.303
17.03	0.322
17.04	0.331
17.05	0.334
17.06	0.334
17.07	0.33
17.08	0.32
17.09	0.298
17.1	0.265
17.11	0.22
17.12	0.165
17.13	0.106
17.14	0.051
17.15	0.01
17.16	-0.016
17.17	-0.027
17.18	-0.024
17.19	-0.013
17.2	-0.005
17.21	-0.006
17.22	-0.02
17.23	-0.042
17.24	-0.068
17.25	-0.095
17.26	-0.122
17.27	-0.149
17.28	-0.177
17.29	-0.206
17.3	-0.237
17.31	-0.269
17.32	-0.301
17.33	-0.331
17.34	-0.36
17.35	-0.392
17.36	-0.433
17.37	-0.482
17.38	-0.534
17.39	-0.578
17.4	-0.61
17.41	-0.631
17.42	-0.646
17.43	-0.659
17.44	-0.671
17.45	-0.68
17.46	-0.688
17.47	-0.697
17.48	-0.709
17.49	-0.723
17.5	-0.735
17.51	-0.734
17.52	-0.716
17.53	-0.685
17.54	-0.655
17.55	-0.633
17.56	-0.621
17.57	-0.619
17.58	-0.621
17.59	-0.626
17.6	-0.631
17.61	-0.635
17.62	-0.639
17.63	-0.644
17.64	-0.65
17.65	-0.661
17.66	-0.679
17.67	-0.707
17.68	-0.741
17.69	-0.771
17.7	-0.79
17.71	-0.792
17.72	-0.773
17.73	-0.731
17.74	-0.671
17.75	-0.6
17.76	-0.526
17.77	-0.455
17.78	-0.392
17.79	-0.341
17.8	-0.3
17.81	-0.268
17.82	-0.241
17.83	-0.216
17.84	-0.19
17.85	-0.163
17.86	-0.134
17.87	-0.109
17.88	-0.09
17.89	-0.079
17.9	-0.069
17.91	-0.052
17.92	-0.028
17.93	-0.002
17.94	0.017
17.95	0.026
17.96	0.028
17.97	0.026
17.98	0.023
17.99	0.023
18	0.028
18.01	0.038
18.02	0.051
18.03	0.063
18.04	0.072
18.05	0.075
18.06	0.071
18.07	0.06
18.08	0.044
18.09	0.025
18.1	0.004
18.11	-0.022
18.12	-0.056
18.13	-0.1
18.14	-0.155
18.15	-0.222
18.16	-0.296
18.17	-0.372
18.18	-0.44
18.19	-0.492
18.2	-0.522
18.21	-0.527
18.22	-0.506
18.23	-0.46
18.24	-0.392
18.25	-0.304
18.26	-0.205
18.27	-0.102
18.28	-0.002
18.29	0.09
18.3	0.173
18.31	0.246
18.32	0.311
18.33	0.364
18.34	0.406
18.35	0.437
18.36	0.458
18.37	0.471
18.38	0.476
18.39	0.475
18.4	0.467
18.41	0.457
18.42	0.448
18.43	0.444
18.44	0.45
18.45	0.47
18.46	0.507
18.47	0.563
18.48	0.635
18.49	0.72
18.5	0.812
18.51	0.9
18.52	0.971
18.53	1.023
18.54	1.056
18.55	1.078
18.56	1.092
18.57	1.102
18.58	1.113
18.59	1.125
18.6	1.137
18.61	1.144
18.62	1.146
18.63	1.145
18.64	1.144
18.65	1.142
18.66	1.136
18.67	1.119
18.68	1.089
18.69	1.045
18.7	0.992
18.71	0.932
18.72	0.871
18.73	0.813
18.74	0.761
18.75	0.714
18.76	0.669
18.77	0.622
18.78	0.57
18.79	0.51
18.8	0.437
18.81	0.346
18.82	0.229
18.83	0.084
18.84	-0.084
18.85	-0.263
18.86	-0.439
18.87	-0.604
18.88	-0.747
18.89	-0.864
18.9	-0.949
18.91	-0.999
18.92	-1.012
18.93	-0.993
18.94	-0.947
18.95	-0.883
18.96	-0.806
18.97	-0.72
18.98	-0.63
18.99	-0.54
19	-0.456
19.01	-0.382
19.02	-0.315
19.03	-0.247
19.04	-0.172
19.05	-0.089
19.06	-0.008
19.07	0.064
19.08	0.121
19.09	0.158
19.1	0.174
19.11	0.17
19.12	0.146
19.13	0.105
19.14	0.051
19.15	-0.011
19.16	-0.075
19.17	-0.138
19.18	-0.2
19.19	-0.263
19.2	-0.326
19.21	-0.385
19.22	-0.434
19.23	-0.473
19.24	-0.502
19.25	-0.525
19.26	-0.545
19.27	-0.569
19.28	-0.602
19.29	-0.648
19.3	-0.708
19.31	-0.784
19.32	-0.872
19.33	-0.966
19.34	-1.061
19.35	-1.149
19.36	-1.219
19.37	-1.264
19.38	-1.277
19.39	-1.261
19.4	-1.224
19.41	-1.175
19.42	-1.118
19.43	-1.059
19.44	-1
19.45	-0.941
19.46	-0.876
19.47	-0.803
19.48	-0.721
19.49	-0.629
19.5	-0.529
19.51	-0.425
19.52	-0.32
19.53	-0.219
19.54	-0.125
19.55	-0.043
19.56	0.025
19.57	0.077
19.58	0.11
19.59	0.124
19.6	0.12
19.61	0.1
19.62	0.068
19.63	0.027
19.64	-0.014
19.65	-0.048
19.66	-0.07
19.67	-0.08
19.68	-0.079
19.69	-0.068
19.7	-0.052
19.71	-0.036
19.72	-0.023
19.73	-0.011
19.74	-0.001
19.75	0.009
19.76	0.017
19.77	0.019
19.78	0.016
19.79	0.007
19.8	-0.006
19.81	-0.021
19.82	-0.037
19.83	-0.054
19.84	-0.073
19.85	-0.097
19.86	-0.131
19.87	-0.177
19.88	-0.232
19.89	-0.291
19.9	-0.347
19.91	-0.391
19.92	-0.417
19.93	-0.418
19.94	-0.397
19.95	-0.362
19.96	-0.322
19.97	-0.28
19.98	-0.239
19.99	-0.199
20	-0.161
20.01	-0.127
20.02	-0.096
20.03	-0.072
20.04	-0.057
20.05	-0.053
20.06	-0.06
20.07	-0.077
20.08	-0.1
20.09	-0.127
20.1	-0.154
20.11	-0.178
20.12	-0.198
20.13	-0.208
20.14	-0.207
20.15	-0.194
20.16	-0.172
20.17	-0.144
20.18	-0.114
20.19	-0.084
20.2	-0.056
20.21	-0.029
20.22	0.002
20.23	0.043
20.24	0.098
20.25	0.164
20.26	0.238
20.27	0.316
20.28	0.394
20.29	0.467
20.3	0.533
20.31	0.584
20.32	0.618
20.33	0.633
20.34	0.634
20.35	0.63
20.36	0.626
20.37	0.621
20.38	0.614
20.39	0.601
20.4	0.585
20.41	0.569
20.42	0.552
20.43	0.53
20.44	0.494
20.45	0.442
20.46	0.378
20.47	0.315
20.48	0.262
20.49	0.22
20.5	0.187
20.51	0.159
20.52	0.136
20.53	0.117
20.54	0.102
20.55	0.091
20.56	0.084
20.57	0.083
20.58	0.089
20.59	0.103
20.6	0.127
20.61	0.161
20.62	0.204
20.63	0.254
20.64	0.307
20.65	0.359
20.66	0.406
20.67	0.448
20.68	0.489
20.69	0.53
20.7	0.573
20.71	0.614
20.72	0.65
20.73	0.68
20.74	0.704
20.75	0.722
20.76	0.735
20.77	0.744
20.78	0.748
20.79	0.747
20.8	0.739
20.81	0.721
20.82	0.694
20.83	0.657
20.84	0.612
20.85	0.562
20.86	0.515
20.87	0.477
20.88	0.45
20.89	0.428
20.9	0.403
20.91	0.371
20.92	0.333
20.93	0.291
20.94	0.247
20.95	0.199
20.96	0.147
20.97	0.09
20.98	0.036
20.99	-0.009
21	-0.04
21.01	-0.054
21.02	-0.051
21.03	-0.034
21.04	-0.004
21.05	0.034
21.06	0.077
21.07	0.121
21.08	0.162
21.09	0.198
21.1	0.233
21.11	0.272
21.12	0.319
21.13	0.374
21.14	0.435
21.15	0.496
21.16	0.548
21.17	0.579
21.18	0.582
21.19	0.559
21.2	0.517
21.21	0.463
21.22	0.402
21.23	0.339
21.24	0.274
21.25	0.212
21.26	0.156
21.27	0.107
21.28	0.065
21.29	0.028
21.3	-0.007
21.31	-0.035
21.32	-0.048
21.33	-0.038
21.34	-0.007
21.35	0.04
21.36	0.093
21.37	0.147
21.38	0.197
21.39	0.238
21.4	0.267
21.41	0.281
21.42	0.277
21.43	0.255
21.44	0.214
21.45	0.158
21.46	0.092
21.47	0.024
21.48	-0.039
21.49	-0.093
21.5	-0.139
21.51	-0.182
21.52	-0.223
21.53	-0.256
21.54	-0.275
21.55	-0.278
21.56	-0.269
21.57	-0.253
21.58	-0.236
21.59	-0.22
21.6	-0.204
21.61	-0.189
21.62	-0.177
21.63	-0.17
21.64	-0.169
21.65	-0.177
21.66	-0.194
21.67	-0.222
21.68	-0.255
21.69	-0.29
21.7	-0.321
21.71	-0.344
21.72	-0.356
21.73	-0.357
21.74	-0.348
21.75	-0.333
21.76	-0.318
21.77	-0.304
21.78	-0.295
21.79	-0.29
21.8	-0.287
21.81	-0.28
21.82	-0.266
21.83	-0.244
21.84	-0.219
21.85	-0.192
21.86	-0.167
21.87	-0.144
21.88	-0.122
21.89	-0.101
21.9	-0.08
21.91	-0.057
21.92	-0.033
21.93	-0.007
21.94	0.019
21.95	0.043
21.96	0.063
21.97	0.077
21.98	0.084
21.99	0.083
22	0.072
22.01	0.051
22.02	0.02
22.03	-0.019
22.04	-0.063
22.05	-0.107
22.06	-0.142
22.07	-0.168
22.08	-0.187
22.09	-0.204
22.1	-0.22
22.11	-0.229
22.12	-0.225
22.13	-0.205
22.14	-0.174
22.15	-0.139
22.16	-0.102
22.17	-0.067
22.18	-0.034
22.19	-0.005
22.2	0.018
22.21	0.032
22.22	0.034
22.23	0.027
22.24	0.01
22.25	-0.012
22.26	-0.033
22.27	-0.045
22.28	-0.046
22.29	-0.036
22.3	-0.022
22.31	-0.008
22.32	0.006
22.33	0.021
22.34	0.036
22.35	0.048
22.36	0.052
22.37	0.044
22.38	0.026
22.39	0
22.4	-0.029
22.41	-0.057
22.42	-0.08
22.43	-0.097
22.44	-0.105
22.45	-0.107
22.46	-0.101
22.47	-0.09
22.48	-0.071
22.49	-0.046
22.5	-0.016
22.51	0.016
22.52	0.046
22.53	0.072
22.54	0.09
22.55	0.097
22.56	0.093
22.57	0.077
22.58	0.051
22.59	0.017
22.6	-0.021
22.61	-0.061
22.62	-0.101
22.63	-0.138
22.64	-0.174
22.65	-0.204
22.66	-0.223
22.67	-0.223
22.68	-0.201
22.69	-0.165
22.7	-0.122
22.71	-0.077
22.72	-0.031
22.73	0.018
22.74	0.071
22.75	0.125
22.76	0.176
22.77	0.223
22.78	0.27
22.79	0.324
22.8	0.385
22.81	0.452
22.82	0.518
22.83	0.578
22.84	0.627
22.85	0.66
22.86	0.674
22.87	0.668
22.88	0.639
22.89	0.59
22.9	0.527
22.91	0.462
22.92	0.402
22.93	0.353
22.94	0.318
22.95	0.296
22.96	0.286
22.97	0.283
22.98	0.285
22.99	0.293
23	0.31
23.01	0.34
23.02	0.381
23.03	0.427
23.04	0.468
23.05	0.502
23.06	0.527
23.07	0.547
23.08	0.562
23.09	0.575
23.1	0.587
23.11	0.599
23.12	0.607
23.13	0.609
23.14	0.603
23.15	0.589
23.16	0.571
23.17	0.548
23.18	0.524
23.19	0.499
23.2	0.475
23.21	0.45
23.22	0.426
23.23	0.403
23.24	0.38
23.25	0.36
23.26	0.342
23.27	0.323
23.28	0.3
23.29	0.269
23.3	0.232
23.31	0.192
23.32	0.151
23.33	0.105
23.34	0.053
23.35	-0.008
23.36	-0.078
23.37	-0.157
23.38	-0.241
23.39	-0.324
23.4	-0.399
23.41	-0.459
23.42	-0.505
23.43	-0.54
23.44	-0.568
23.45	-0.591
23.46	-0.611
23.47	-0.628
23.48	-0.64
23.49	-0.643
23.5	-0.634
23.51	-0.611
23.52	-0.576
23.53	-0.533
23.54	-0.487
23.55	-0.444
23.56	-0.411
23.57	-0.39
23.58	-0.376
23.59	-0.366
23.6	-0.357
23.61	-0.349
23.62	-0.343
23.63	-0.338
23.64	-0.332
23.65	-0.322
23.66	-0.307
23.67	-0.289
23.68	-0.269
23.69	-0.249
23.7	-0.231
23.71	-0.217
23.72	-0.209
23.73	-0.209
23.74	-0.22
23.75	-0.243
23.76	-0.275
23.77	-0.312
23.78	-0.35
23.79	-0.389
23.8	-0.431
23.81	-0.473
23.82	-0.515
23.83	-0.555
23.84	-0.589
23.85	-0.615
23.86	-0.63
23.87	-0.632
23.88	-0.622
23.89	-0.604
23.9	-0.577
23.91	-0.543
23.92	-0.499
23.93	-0.445
23.94	-0.381
23.95	-0.309
23.96	-0.231
23.97	-0.154
23.98	-0.082
23.99	-0.022
24	0.026
24.01	0.062
24.02	0.086
24.03	0.099
24.04	0.097
24.05	0.082
24.06	0.057
24.07	0.029
24.08	0.007
24.09	-0.01
24.1	-0.027
24.11	-0.05
24.12	-0.084
24.13	-0.129
24.14	-0.185
24.15	-0.249
24.16	-0.317
24.17	-0.384
24.18	-0.445
24.19	-0.497
24.2	-0.537
24.21	-0.564
24.22	-0.579
24.23	-0.584
24.24	-0.58
24.25	-0.568
24.26	-0.548
24.27	-0.524
24.28	-0.5
24.29	-0.481
24.3	-0.472
24.31	-0.473
24.32	-0.483
24.33	-0.5
24.34	-0.521
24.35	-0.541
24.36	-0.558
24.37	-0.567
24.38	-0.569
24.39	-0.56
24.4	-0.538
24.41	-0.498
24.42	-0.44
24.43	-0.364
24.44	-0.275
24.45	-0.174
24.46	-0.065
24.47	0.053
24.48	0.175
24.49	0.293
24.5	0.392
24.51	0.465
24.52	0.508
24.53	0.525
24.54	0.52
24.55	0.5
24.56	0.469
24.57	0.435
24.58	0.4
24.59	0.371
24.6	0.35
24.61	0.338
24.62	0.335
24.63	0.339
24.64	0.352
24.65	0.375
24.66	0.409
24.67	0.452
24.68	0.497
24.69	0.538
24.7	0.573
24.71	0.597
24.72	0.612
24.73	0.615
24.74	0.607
24.75	0.59
24.76	0.565
24.77	0.53
24.78	0.487
24.79	0.438
24.8	0.381
24.81	0.32
24.82	0.256
24.83	0.194
24.84	0.14
24.85	0.095
24.86	0.058
24.87	0.027
24.88	-0.002
24.89	-0.028
24.9	-0.052
24.91	-0.073
24.92	-0.093
24.93	-0.111
24.94	-0.129
24.95	-0.149
24.96	-0.175
24.97	-0.209
24.98	-0.25
24.99	-0.3
25	-0.356
25.01	-0.415
25.02	-0.476
25.03	-0.537
25.04	-0.592
25.05	-0.64
25.06	-0.678
25.07	-0.708
25.08	-0.731
25.09	-0.75
25.1	-0.767
25.11	-0.783
25.12	-0.799
25.13	-0.815
25.14	-0.829
25.15	-0.84
25.16	-0.847
25.17	-0.846
25.18	-0.837
25.19	-0.822
25.2	-0.801
25.21	-0.778
25.22	-0.755
25.23	-0.732
25.24	-0.708
25.25	-0.684
25.26	-0.657
25.27	-0.626
25.28	-0.587
25.29	-0.535
25.3	-0.464
25.31	-0.377
25.32	-0.278
25.33	-0.174
25.34	-0.069
25.35	0.032
25.36	0.126
25.37	0.21
25.38	0.284
25.39	0.349
25.4	0.405
25.41	0.452
25.42	0.49
25.43	0.518
25.44	0.53
25.45	0.522
25.46	0.492
25.47	0.445
25.48	0.387
25.49	0.325
25.5	0.268
25.51	0.225
25.52	0.199
25.53	0.19
25.54	0.193
25.55	0.206
25.56	0.225
25.57	0.251
25.58	0.28
25.59	0.309
25.6	0.332
25.61	0.348
25.62	0.359
25.63	0.373
25.64	0.39
25.65	0.406
25.66	0.411
25.67	0.4
25.68	0.374
25.69	0.337
25.7	0.295
25.71	0.254
25.72	0.219
25.73	0.195
25.74	0.179
25.75	0.171
25.76	0.166
25.77	0.16
25.78	0.15
25.79	0.134
25.8	0.115
25.81	0.096
25.82	0.082
25.83	0.075
25.84	0.073
25.85	0.075
25.86	0.077
25.87	0.076
25.88	0.067
25.89	0.05
25.9	0.027
25.91	0
25.92	-0.027
25.93	-0.054
25.94	-0.077
25.95	-0.097
25.96	-0.11
25.97	-0.118
25.98	-0.12
25.99	-0.119
26	-0.116
26.01	-0.11
26.02	-0.097
26.03	-0.073
26.04	-0.037
26.05	0.012
26.06	0.071
26.07	0.135
26.08	0.196
26.09	0.247
26.1	0.285
26.11	0.315
26.12	0.345
26.13	0.381
26.14	0.42
26.15	0.458
26.16	0.492
26.17	0.52
26.18	0.542
26.19	0.559
26.2	0.573
26.21	0.588
26.22	0.606
26.23	0.629
26.24	0.656
26.25	0.687
26.26	0.72
26.27	0.749
26.28	0.769
26.29	0.776
26.3	0.765
26.31	0.732
26.32	0.68
26.33	0.614
26.34	0.54
26.35	0.465
26.36	0.393
26.37	0.33
26.38	0.277
26.39	0.232
26.4	0.195
26.41	0.167
26.42	0.153
26.43	0.159
26.44	0.181
26.45	0.21
26.46	0.238
26.47	0.256
26.48	0.263
26.49	0.258
26.5	0.243
26.51	0.223
26.52	0.205
26.53	0.189
26.54	0.174
26.55	0.157
26.56	0.137
26.57	0.113
26.58	0.086
26.59	0.059
26.6	0.035
26.61	0.015
26.62	0
26.63	-0.009
26.64	-0.014
26.65	-0.016
26.66	-0.014
26.67	-0.008
26.68	0.001
26.69	0.011
26.7	0.017
26.71	0.017
26.72	0.012
26.73	0.002
26.74	-0.012
26.75	-0.027
26.76	-0.04
26.77	-0.049
26.78	-0.056
26.79	-0.061
26.8	-0.067
26.81	-0.08
26.82	-0.105
26.83	-0.144
26.84	-0.197
26.85	-0.256
26.86	-0.317
26.87	-0.376
26.88	-0.43
26.89	-0.481
26.9	-0.525
26.91	-0.561
26.92	-0.587
26.93	-0.6
26.94	-0.601
26.95	-0.59
26.96	-0.567
26.97	-0.536
26.98	-0.499
26.99	-0.459
27	-0.418
27.01	-0.38
27.02	-0.345
27.03	-0.311
27.04	-0.276
27.05	-0.239
27.06	-0.199
27.07	-0.155
27.08	-0.106
27.09	-0.051
27.1	0.009
27.11	0.074
27.12	0.143
27.13	0.212
27.14	0.281
27.15	0.345
27.16	0.401
27.17	0.447
27.18	0.489
27.19	0.531
27.2	0.575
27.21	0.616
27.22	0.645
27.23	0.657
27.24	0.651
27.25	0.626
27.26	0.583
27.27	0.523
27.28	0.445
27.29	0.353
27.3	0.253
27.31	0.152
27.32	0.056
27.33	-0.031
27.34	-0.105
27.35	-0.166
27.36	-0.213
27.37	-0.249
27.38	-0.274
27.39	-0.29
27.4	-0.294
27.41	-0.289
27.42	-0.28
27.43	-0.275
27.44	-0.281
27.45	-0.3
27.46	-0.332
27.47	-0.373
27.48	-0.421
27.49	-0.474
27.5	-0.529
27.51	-0.586
27.52	-0.639
27.53	-0.686
27.54	-0.725
27.55	-0.759
27.56	-0.792
27.57	-0.823
27.58	-0.848
27.59	-0.864
27.6	-0.87
27.61	-0.868
27.62	-0.863
27.63	-0.861
27.64	-0.863
27.65	-0.873
27.66	-0.892
27.67	-0.918
27.68	-0.948
27.69	-0.98
27.7	-1.012
27.71	-1.043
27.72	-1.07
27.73	-1.091
27.74	-1.102
27.75	-1.101
27.76	-1.087
27.77	-1.061
27.78	-1.025
27.79	-0.977
27.8	-0.916
27.81	-0.841
27.82	-0.75
27.83	-0.64
27.84	-0.513
27.85	-0.372
27.86	-0.228
27.87	-0.088
27.88	0.044
27.89	0.167
27.9	0.28
27.91	0.382
27.92	0.466
27.93	0.53
27.94	0.578
27.95	0.619
27.96	0.665
27.97	0.717
27.98	0.773
27.99	0.825
28	0.87
28.01	0.904
28.02	0.927
28.03	0.94
28.04	0.947
28.05	0.954
28.06	0.961
28.07	0.97
28.08	0.977
28.09	0.982
28.1	0.985
28.11	0.985
28.12	0.982
28.13	0.977
28.14	0.971
28.15	0.964
28.16	0.954
28.17	0.942
28.18	0.927
28.19	0.915
28.2	0.91
28.21	0.912
28.22	0.922
28.23	0.936
28.24	0.952
28.25	0.968
28.26	0.984
28.27	0.998
28.28	1.006
28.29	1.002
28.3	0.986
28.31	0.963
28.32	0.94
28.33	0.919
28.34	0.899
28.35	0.872
28.36	0.838
28.37	0.797
28.38	0.752
28.39	0.705
28.4	0.655
28.41	0.601
28.42	0.543
28.43	0.482
28.44	0.417
28.45	0.35
28.46	0.283
28.47	0.217
28.48	0.153
28.49	0.091
28.5	0.031
28.51	-0.027
28.52	-0.079
28.53	-0.12
28.54	-0.144
28.55	-0.153
28.56	-0.149
28.57	-0.136
28.58	-0.114
28.59	-0.083
28.6	-0.043
28.61	0.004
28.62	0.055
28.63	0.107
28.64	0.158
28.65	0.205
28.66	0.247
28.67	0.282
28.68	0.306
28.69	0.317
28.7	0.313
28.71	0.296
28.72	0.267
28.73	0.229
28.74	0.185
28.75	0.138
28.76	0.089
28.77	0.035
28.78	-0.023
28.79	-0.083
28.8	-0.136
28.81	-0.177
28.82	-0.203
28.83	-0.218
28.84	-0.225
28.85	-0.231
28.86	-0.242
28.87	-0.261
28.88	-0.289
28.89	-0.319
28.9	-0.345
28.91	-0.368
28.92	-0.401
28.93	-0.454
28.94	-0.533
28.95	-0.635
28.96	-0.752
28.97	-0.878
28.98	-1.003
28.99	-1.118
29	-1.218
29.01	-1.298
29.02	-1.357
29.03	-1.394
29.04	-1.413
29.05	-1.417
29.06	-1.409
29.07	-1.391
29.08	-1.364
29.09	-1.332
29.1	-1.296
29.11	-1.257
29.12	-1.216
29.13	-1.17
29.14	-1.114
29.15	-1.05
29.16	-0.985
29.17	-0.929
29.18	-0.889
29.19	-0.863
29.2	-0.848
29.21	-0.837
29.22	-0.831
29.23	-0.828
29.24	-0.827
29.25	-0.823
29.26	-0.81
29.27	-0.781
29.28	-0.739
29.29	-0.685
29.3	-0.623
29.31	-0.555
29.32	-0.48
29.33	-0.399
29.34	-0.315
29.35	-0.234
29.36	-0.163
29.37	-0.105
29.38	-0.066
29.39	-0.049
29.4	-0.053
29.41	-0.075
29.42	-0.11
29.43	-0.154
29.44	-0.202
29.45	-0.25
29.46	-0.296
29.47	-0.342
29.48	-0.39
29.49	-0.44
29.5	-0.483
29.51	-0.512
29.52	-0.525
29.53	-0.519
29.54	-0.496
29.55	-0.459
29.56	-0.412
29.57	-0.362
29.58	-0.312
29.59	-0.259
29.6	-0.197
29.61	-0.127
29.62	-0.052
29.63	0.02
29.64	0.086
29.65	0.143
29.66	0.191
29.67	0.229
29.68	0.257
29.69	0.276
29.7	0.287
29.71	0.294
29.72	0.299
29.73	0.306
29.74	0.313
29.75	0.318
29.76	0.318
29.77	0.314
29.78	0.309
29.79	0.306
29.8	0.31
29.81	0.328
29.82	0.36
29.83	0.401
29.84	0.441
29.85	0.473
29.86	0.498
29.87	0.52
29.88	0.545
29.89	0.576
29.9	0.615
29.91	0.66
29.92	0.705
29.93	0.74
29.94	0.756
29.95	0.752
29.96	0.733
29.97	0.703
29.98	0.669
29.99	0.631
30	0.593
30.01	0.557
30.02	0.525
30.03	0.5
30.04	0.481
30.05	0.465
30.06	0.451
30.07	0.433
30.08	0.407
30.09	0.371
30.1	0.325
30.11	0.277
30.12	0.233
30.13	0.197
30.14	0.164
30.15	0.131
30.16	0.095
30.17	0.062
30.18	0.038
30.19	0.026
30.2	0.024
30.21	0.027
30.22	0.034
30.23	0.047
30.24	0.068
30.25	0.097
30.26	0.123
30.27	0.135
30.28	0.128
30.29	0.101
30.3	0.06
30.31	0.013
30.32	-0.031
30.33	-0.06
30.34	-0.07
30.35	-0.063
30.36	-0.052
30.37	-0.044
30.38	-0.041
30.39	-0.042
30.4	-0.042
30.41	-0.038
30.42	-0.023
30.43	0.005
30.44	0.049
30.45	0.109
30.46	0.183
30.47	0.268
30.48	0.358
30.49	0.447
30.5	0.532
30.51	0.61
30.52	0.679
30.53	0.735
30.54	0.774
30.55	0.792
30.56	0.788
30.57	0.765
30.58	0.728
30.59	0.677
30.6	0.612
30.61	0.531
30.62	0.436
30.63	0.333
30.64	0.23
30.65	0.13
30.66	0.035
30.67	-0.055
30.68	-0.137
30.69	-0.206
30.7	-0.254
30.71	-0.281
30.72	-0.289
30.73	-0.28
30.74	-0.262
30.75	-0.238
30.76	-0.213
30.77	-0.191
30.78	-0.169
30.79	-0.141
30.8	-0.107
30.81	-0.067
30.82	-0.023
30.83	0.022
30.84	0.063
30.85	0.095
30.86	0.117
30.87	0.132
30.88	0.148
30.89	0.167
30.9	0.187
30.91	0.205
30.92	0.214
30.93	0.211
30.94	0.191
30.95	0.155
30.96	0.106
30.97	0.055
30.98	0.008
30.99	-0.031
31	-0.063
31.01	-0.091
31.02	-0.112
31.03	-0.12
31.04	-0.111
31.05	-0.088
31.06	-0.058
31.07	-0.026
31.08	0.002
31.09	0.023
31.1	0.036
31.11	0.042
31.12	0.042
31.13	0.037
31.14	0.03
31.15	0.023
31.16	0.018
31.17	0.014
31.18	0.007
31.19	-0.005
31.2	-0.024
31.21	-0.046
31.22	-0.069
31.23	-0.088
31.24	-0.101
31.25	-0.105
31.26	-0.098
31.27	-0.081
31.28	-0.053
31.29	-0.016
31.3	0.024
31.31	0.063
31.32	0.098
31.33	0.127
31.34	0.151
31.35	0.171
31.36	0.193
31.37	0.221
31.38	0.258
31.39	0.302
31.4	0.347
31.41	0.391
31.42	0.432
31.43	0.469
31.44	0.501
31.45	0.53
31.46	0.555
31.47	0.577
31.48	0.59
31.49	0.59
31.5	0.574
31.51	0.542
31.52	0.5
31.53	0.452
31.54	0.404
31.55	0.363
31.56	0.333
31.57	0.312
31.58	0.297
31.59	0.281
31.6	0.259
31.61	0.221
31.62	0.165
31.63	0.094
31.64	0.016
31.65	-0.06
31.66	-0.13
31.67	-0.193
31.68	-0.25
31.69	-0.302
31.7	-0.347
31.71	-0.385
31.72	-0.415
31.73	-0.438
31.74	-0.452
31.75	-0.457
31.76	-0.448
31.77	-0.424
31.78	-0.386
31.79	-0.341
31.8	-0.297
31.81	-0.259
31.82	-0.224
31.83	-0.192
31.84	-0.16
31.85	-0.125
31.86	-0.087
31.87	-0.044
31.88	0.001
31.89	0.046
31.9	0.09
31.91	0.129
31.92	0.161
31.93	0.183
31.94	0.194
31.95	0.192
31.96	0.178
31.97	0.154
31.98	0.125
31.99	0.092
32	0.059
32.01	0.028
32.02	-0.001
32.03	-0.03
32.04	-0.061
32.05	-0.097
32.06	-0.139
32.07	-0.184
32.08	-0.232
32.09	-0.289
32.1	-0.359
32.11	-0.446
32.12	-0.543
32.13	-0.64
32.14	-0.728
32.15	-0.802
32.16	-0.861
32.17	-0.906
32.18	-0.937
32.19	-0.953
32.2	-0.956
32.21	-0.944
32.22	-0.917
32.23	-0.876
32.24	-0.824
32.25	-0.766
32.26	-0.707
32.27	-0.648
32.28	-0.587
32.29	-0.523
32.3	-0.458
32.31	-0.398
32.32	-0.35
32.33	-0.317
32.34	-0.297
32.35	-0.291
32.36	-0.298
32.37	-0.316
32.38	-0.345
32.39	-0.381
32.4	-0.42
32.41	-0.458
32.42	-0.491
32.43	-0.518
32.44	-0.538
32.45	-0.549
32.46	-0.544
32.47	-0.519
32.48	-0.473
32.49	-0.408
32.5	-0.329
32.51	-0.242
32.52	-0.151
32.53	-0.064
32.54	0.016
32.55	0.092
32.56	0.165
32.57	0.238
32.58	0.31
32.59	0.383
32.6	0.453
32.61	0.519
32.62	0.576
32.63	0.623
32.64	0.662
32.65	0.693
32.66	0.718
32.67	0.739
32.68	0.754
32.69	0.764
32.7	0.771
32.71	0.777
32.72	0.786
32.73	0.8
32.74	0.824
32.75	0.859
32.76	0.898
32.77	0.933
32.78	0.958
32.79	0.971
32.8	0.976
32.81	0.976
32.82	0.971
32.83	0.958
32.84	0.933
32.85	0.893
32.86	0.835
32.87	0.757
32.88	0.662
32.89	0.553
32.9	0.438
32.91	0.32
32.92	0.205
32.93	0.095
32.94	-0.007
32.95	-0.101
32.96	-0.184
32.97	-0.259
32.98	-0.324
32.99	-0.38
33	-0.427
33.01	-0.465
33.02	-0.493
33.03	-0.509
33.04	-0.513
33.05	-0.502
33.06	-0.478
33.07	-0.441
33.08	-0.393
33.09	-0.338
33.1	-0.279
33.11	-0.221
33.12	-0.168
33.13	-0.122
33.14	-0.087
33.15	-0.064
33.16	-0.048
33.17	-0.039
33.18	-0.033
33.19	-0.03
33.2	-0.029
33.21	-0.03
33.22	-0.036
33.23	-0.049
33.24	-0.07
33.25	-0.099
33.26	-0.135
33.27	-0.176
33.28	-0.22
33.29	-0.266
33.3	-0.31
33.31	-0.352
33.32	-0.39
33.33	-0.424
33.34	-0.459
33.35	-0.498
33.36	-0.543
33.37	-0.588
33.38	-0.622
33.39	-0.639
33.4	-0.638
33.41	-0.62
33.42	-0.587
33.43	-0.54
33.44	-0.475
33.45	-0.395
33.46	-0.302
33.47	-0.201
33.48	-0.099
33.49	-0.002
33.5	0.084
33.51	0.154
33.52	0.21
33.53	0.255
33.54	0.293
33.55	0.325
33.56	0.352
33.57	0.37
33.58	0.377
33.59	0.369
33.6	0.341
33.61	0.295
33.62	0.231
33.63	0.154
33.64	0.067
33.65	-0.025
33.66	-0.116
33.67	-0.201
33.68	-0.274
33.69	-0.332
33.7	-0.375
33.71	-0.414
33.72	-0.458
33.73	-0.511
33.74	-0.571
33.75	-0.635
33.76	-0.697
33.77	-0.75
33.78	-0.789
33.79	-0.812
33.8	-0.821
33.81	-0.821
33.82	-0.814
33.83	-0.798
33.84	-0.772
33.85	-0.737
33.86	-0.694
33.87	-0.648
33.88	-0.602
33.89	-0.557
33.9	-0.515
33.91	-0.475
33.92	-0.431
33.93	-0.378
33.94	-0.312
33.95	-0.235
33.96	-0.15
33.97	-0.061
33.98	0.026
33.99	0.106
34	0.173
34.01	0.228
34.02	0.272
34.03	0.306
34.04	0.328
34.05	0.334
34.06	0.321
34.07	0.291
34.08	0.249
34.09	0.201
34.1	0.149
34.11	0.096
34.12	0.046
34.13	-0.001
34.14	-0.042
34.15	-0.074
34.16	-0.097
34.17	-0.115
34.18	-0.129
34.19	-0.139
34.2	-0.144
34.21	-0.143
34.22	-0.133
34.23	-0.111
34.24	-0.074
34.25	-0.021
34.26	0.048
34.27	0.131
34.28	0.221
34.29	0.308
34.3	0.377
34.31	0.426
34.32	0.46
34.33	0.488
34.34	0.514
34.35	0.535
34.36	0.546
34.37	0.546
34.38	0.538
34.39	0.526
34.4	0.512
34.41	0.498
34.42	0.485
34.43	0.474
34.44	0.462
34.45	0.448
34.46	0.433
34.47	0.419
34.48	0.413
34.49	0.417
34.5	0.429
34.51	0.449
34.52	0.471
34.53	0.493
34.54	0.512
34.55	0.523
34.56	0.528
34.57	0.526
34.58	0.519
34.59	0.509
34.6	0.496
34.61	0.481
34.62	0.468
34.63	0.455
34.64	0.444
34.65	0.435
34.66	0.424
34.67	0.412
34.68	0.398
34.69	0.389
34.7	0.386
34.71	0.39
34.72	0.396
34.73	0.401
34.74	0.404
34.75	0.41
34.76	0.424
34.77	0.448
34.78	0.48
34.79	0.518
34.8	0.557
34.81	0.59
34.82	0.611
34.83	0.618
34.84	0.614
34.85	0.606
34.86	0.595
34.87	0.581
34.88	0.557
34.89	0.521
34.9	0.472
34.91	0.414
34.92	0.346
34.93	0.272
34.94	0.19
34.95	0.103
34.96	0.015
34.97	-0.071
34.98	-0.151
34.99	-0.225
35	-0.293
35.01	-0.354
35.02	-0.41
35.03	-0.462
35.04	-0.507
35.05	-0.544
35.06	-0.568
35.07	-0.575
35.08	-0.562
35.09	-0.526
35.1	-0.467
35.11	-0.386
35.12	-0.288
35.13	-0.177
35.14	-0.06
35.15	0.054
35.16	0.16
35.17	0.25
35.18	0.318
35.19	0.361
35.2	0.381
35.21	0.383
35.22	0.374
35.23	0.354
35.24	0.316
35.25	0.253
35.26	0.168
35.27	0.069
35.28	-0.031
35.29	-0.128
35.3	-0.218
35.31	-0.302
35.32	-0.377
35.33	-0.44
35.34	-0.486
35.35	-0.516
35.36	-0.534
35.37	-0.544
35.38	-0.551
35.39	-0.555
35.4	-0.555
35.41	-0.55
35.42	-0.538
35.43	-0.514
35.44	-0.478
35.45	-0.436
35.46	-0.392
35.47	-0.35
35.48	-0.31
35.49	-0.27
35.5	-0.231
35.51	-0.193
35.52	-0.158
35.53	-0.128
35.54	-0.102
35.55	-0.078
35.56	-0.057
35.57	-0.042
35.58	-0.037
35.59	-0.042
35.6	-0.056
35.61	-0.075
35.62	-0.094
35.63	-0.109
35.64	-0.115
35.65	-0.108
35.66	-0.091
35.67	-0.066
35.68	-0.038
35.69	-0.01
35.7	0.015
35.71	0.037
35.72	0.059
35.73	0.089
35.74	0.13
35.75	0.182
35.76	0.238
35.77	0.293
35.78	0.342
35.79	0.38
35.8	0.407
35.81	0.423
35.82	0.431
35.83	0.432
35.84	0.43
35.85	0.426
35.86	0.419
35.87	0.408
35.88	0.39
35.89	0.362
35.9	0.32
35.91	0.264
35.92	0.193
35.93	0.111
35.94	0.028
35.95	-0.045
35.96	-0.101
35.97	-0.136
35.98	-0.15
35.99	-0.145
36	-0.13
36.01	-0.115
36.02	-0.106
36.03	-0.102
36.04	-0.102
36.05	-0.104
36.06	-0.114
36.07	-0.137
36.08	-0.175
36.09	-0.222
36.1	-0.272
36.11	-0.318
36.12	-0.355
36.13	-0.379
36.14	-0.387
36.15	-0.38
36.16	-0.364
36.17	-0.34
36.18	-0.313
36.19	-0.284
36.2	-0.256
36.21	-0.228
36.22	-0.2
36.23	-0.172
36.24	-0.147
36.25	-0.128
36.26	-0.116
36.27	-0.11
36.28	-0.109
36.29	-0.109
36.3	-0.111
36.31	-0.12
36.32	-0.137
36.33	-0.163
36.34	-0.196
36.35	-0.232
36.36	-0.269
36.37	-0.305
36.38	-0.337
36.39	-0.361
36.4	-0.37
36.41	-0.358
36.42	-0.324
36.43	-0.27
36.44	-0.199
36.45	-0.118
36.46	-0.029
36.47	0.062
36.48	0.151
36.49	0.235
36.5	0.309
36.51	0.373
36.52	0.427
36.53	0.476
36.54	0.518
36.55	0.548
36.56	0.562
36.57	0.555
36.58	0.529
36.59	0.485
36.6	0.427
36.61	0.364
36.62	0.307
36.63	0.261
36.64	0.224
36.65	0.192
36.66	0.164
36.67	0.144
36.68	0.141
36.69	0.159
36.7	0.193
36.71	0.237
36.72	0.282
36.73	0.323
36.74	0.358
36.75	0.385
36.76	0.403
36.77	0.415
36.78	0.42
36.79	0.42
36.8	0.412
36.81	0.398
36.82	0.373
36.83	0.335
36.84	0.283
36.85	0.221
36.86	0.157
36.87	0.1
36.88	0.055
36.89	0.021
36.9	-0.006
36.91	-0.025
36.92	-0.034
36.93	-0.028
36.94	-0.007
36.95	0.025
36.96	0.064
36.97	0.104
36.98	0.136
36.99	0.153
37	0.152
37.01	0.132
37.02	0.098
37.03	0.054
37.04	0.004
37.05	-0.045
37.06	-0.092
37.07	-0.137
37.08	-0.183
37.09	-0.233
37.1	-0.286
37.11	-0.34
37.12	-0.394
37.13	-0.443
37.14	-0.484
37.15	-0.512
37.16	-0.525
37.17	-0.522
37.18	-0.5
37.19	-0.457
37.2	-0.39
37.21	-0.301
37.22	-0.198
37.23	-0.093
37.24	0.004
37.25	0.087
37.26	0.15
37.27	0.195
37.28	0.223
37.29	0.24
37.3	0.252
37.31	0.264
37.32	0.28
37.33	0.303
37.34	0.335
37.35	0.374
37.36	0.421
37.37	0.47
37.38	0.515
37.39	0.552
37.4	0.589
37.41	0.641
37.42	0.72
37.43	0.821
37.44	0.931
37.45	1.031
37.46	1.113
37.47	1.176
37.48	1.222
37.49	1.251
37.5	1.262
37.51	1.253
37.52	1.226
37.53	1.183
37.54	1.129
37.55	1.064
37.56	0.991
37.57	0.909
37.58	0.819
37.59	0.726
37.6	0.632
37.61	0.539
37.62	0.446
37.63	0.353
37.64	0.262
37.65	0.18
37.66	0.115
37.67	0.067
37.68	0.025
37.69	-0.021
37.7	-0.074
37.71	-0.123
37.72	-0.157
37.73	-0.171
37.74	-0.169
37.75	-0.157
37.76	-0.141
37.77	-0.125
37.78	-0.11
37.79	-0.097
37.8	-0.086
37.81	-0.074
37.82	-0.062
37.83	-0.05
37.84	-0.039
37.85	-0.03
37.86	-0.023
37.87	-0.02
37.88	-0.021
37.89	-0.026
37.9	-0.034
37.91	-0.044
37.92	-0.056
37.93	-0.067
37.94	-0.077
37.95	-0.084
37.96	-0.086
37.97	-0.081
37.98	-0.068
37.99	-0.047
38	-0.017
38.01	0.021
38.02	0.064
38.03	0.112
38.04	0.159
38.05	0.202
38.06	0.235
38.07	0.253
38.08	0.246
38.09	0.209
38.1	0.147
38.11	0.071
38.12	-0.007
38.13	-0.082
38.14	-0.153
38.15	-0.224
38.16	-0.292
38.17	-0.352
38.18	-0.398
38.19	-0.43
38.2	-0.452
38.21	-0.47
38.22	-0.485
38.23	-0.495
38.24	-0.497
38.25	-0.487
38.26	-0.465
38.27	-0.434
38.28	-0.394
38.29	-0.35
38.3	-0.308
38.31	-0.27
38.32	-0.243
38.33	-0.228
38.34	-0.228
38.35	-0.242
38.36	-0.268
38.37	-0.304
38.38	-0.344
38.39	-0.381
38.4	-0.412
38.41	-0.435
38.42	-0.455
38.43	-0.477
38.44	-0.503
38.45	-0.538
38.46	-0.582
38.47	-0.635
38.48	-0.696
38.49	-0.762
38.5	-0.83
38.51	-0.895
38.52	-0.954
38.53	-1.007
38.54	-1.059
38.55	-1.116
38.56	-1.175
38.57	-1.229
38.58	-1.27
38.59	-1.295
38.6	-1.306
38.61	-1.307
38.62	-1.302
38.63	-1.292
38.64	-1.278
38.65	-1.26
38.66	-1.241
38.67	-1.22
38.68	-1.199
38.69	-1.175
38.7	-1.147
38.71	-1.113
38.72	-1.081
38.73	-1.055
38.74	-1.037
38.75	-1.018
38.76	-0.99
38.77	-0.949
38.78	-0.899
38.79	-0.85
38.8	-0.807
38.81	-0.77
38.82	-0.734
38.83	-0.696
38.84	-0.654
38.85	-0.609
38.86	-0.561
38.87	-0.513
38.88	-0.468
38.89	-0.43
38.9	-0.402
38.91	-0.39
38.92	-0.396
38.93	-0.419
38.94	-0.456
38.95	-0.501
38.96	-0.544
38.97	-0.571
38.98	-0.572
38.99	-0.553
39	-0.524
39.01	-0.497
39.02	-0.477
39.03	-0.461
39.04	-0.447
39.05	-0.433
39.06	-0.418
39.07	-0.404
39.08	-0.39
39.09	-0.382
39.1	-0.38
39.11	-0.384
39.12	-0.389
39.13	-0.39
39.14	-0.382
39.15	-0.362
39.16	-0.326
39.17	-0.274
39.18	-0.208
39.19	-0.131
39.2	-0.045
39.21	0.044
39.22	0.134
39.23	0.221
39.24	0.304
39.25	0.382
39.26	0.456
39.27	0.524
39.28	0.589
39.29	0.648
39.3	0.699
39.31	0.74
39.32	0.768
39.33	0.778
39.34	0.769
39.35	0.74
39.36	0.697
39.37	0.647
39.38	0.596
39.39	0.546
39.4	0.496
39.41	0.446
39.42	0.395
39.43	0.339
39.44	0.279
39.45	0.217
39.46	0.16
39.47	0.109
39.48	0.063
39.49	0.02
39.5	-0.023
39.51	-0.062
39.52	-0.093
39.53	-0.111
39.54	-0.119
39.55	-0.121
39.56	-0.123
39.57	-0.124
39.58	-0.121
39.59	-0.111
39.6	-0.096
39.61	-0.08
39.62	-0.071
39.63	-0.07
39.64	-0.079
39.65	-0.099
39.66	-0.125
39.67	-0.152
39.68	-0.175
39.69	-0.19
39.7	-0.201
39.71	-0.208
39.72	-0.212
39.73	-0.212
39.74	-0.205
39.75	-0.19
39.76	-0.167
39.77	-0.138
39.78	-0.105
39.79	-0.073
39.8	-0.049
39.81	-0.032
39.82	-0.02
39.83	-0.008
39.84	0.006
39.85	0.014
39.86	0.011
39.87	-0.006
39.88	-0.032
39.89	-0.059
39.9	-0.084
39.91	-0.108
39.92	-0.135
39.93	-0.167
39.94	-0.2
39.95	-0.232
39.96	-0.259
39.97	-0.279
39.98	-0.293
39.99	-0.3
