0	27.995
0.005	14.761
0.01	0.979
0.015	-13.052
0.02	-26.912
0.025	-40.273
0.03	-53.057
0.035	-65.425
0.04	-77.622
0.045	-89.754
0.05	-101.645
0.055	-112.87
0.06	-122.947
0.065	-131.583
0.07	-138.818
0.075	-144.994
0.08	-150.553
0.085	-155.801
0.09	-160.78
0.095	-165.325
0.1	-169.264
0.105	-172.61
0.11	-175.629
0.115	-178.7
0.12	-182.069
0.125	-185.661
0.13	-189.081
0.135	-191.832
0.14	-193.632
0.145	-194.613
0.15	-195.275
0.155	-196.186
0.16	-197.614
0.165	-199.321
0.17	-200.675
0.175	-201.041
0.18	-200.22
0.185	-198.682
0.19	-197.409
0.195	-197.422
0.2	-199.243
0.205	-202.602
0.21	-206.553
0.215	-209.946
0.22	-211.99
0.225	-212.588
0.23	-212.306
0.235	-212.001
0.24	-212.355
0.245	-213.585
0.25	-215.451
0.255	-217.519
0.26	-219.472
0.265	-221.287
0.27	-223.182
0.275	-225.404
0.28	-228.019
0.285	-230.84
0.29	-233.52
0.295	-235.742
0.3	-237.372
0.305	-238.497
0.31	-239.338
0.315	-240.102
0.32	-240.873
0.325	-241.595
0.33	-242.156
0.335	-242.514
0.34	-242.808
0.345	-243.382
0.35	-244.708
0.355	-247.212
0.36	-251.067
0.365	-256.049
0.37	-261.536
0.375	-266.702
0.38	-270.831
0.385	-273.64
0.39	-275.418
0.395	-276.907
0.4	-278.967
0.405	-282.186
0.41	-286.67
0.415	-292.106
0.42	-298.058
0.425	-304.289
0.43	-310.907
0.435	-318.23
0.44	-326.484
0.445	-335.552
0.45	-344.956
0.455	-354.1
0.46	-362.596
0.465	-370.439
0.47	-377.889
0.475	-385.129
0.48	-391.926
0.485	-397.553
0.49	-401.047
0.495	-401.662
0.5	-399.263
0.505	-394.428
0.51	-388.219
0.515	-381.793
0.52	-376.065
0.525	-371.603
0.53	-368.716
0.535	-367.618
0.54	-368.541
0.545	-371.748
0.55	-377.486
0.555	-385.935
0.56	-397.128
0.565	-410.766
0.57	-425.916
0.575	-440.721
0.58	-452.385
0.585	-457.682
0.59	-453.964
0.595	-440.323
0.6	-418.353
0.605	-392.029
0.61	-366.656
0.615	-347.321
0.62	-337.552
0.625	-338.796
0.63	-350.813
0.635	-372.601
0.64	-403.178
0.645	-441.775
0.65	-487.399
0.655	-538.205
0.66	-591.22
0.665	-642.665
0.67	-688.729
0.675	-726.323
0.68	-753.397
0.685	-768.74
0.69	-771.556
0.695	-761.19
0.7	-737.253
0.705	-699.989
0.71	-650.539
0.715	-590.819
0.72	-523.015
0.725	-449.029
0.73	-370.218
0.735	-287.595
0.74	-202.253
0.745	-115.63
0.75	-29.343
0.755	55.344
0.76	138.009
0.765	219.096
0.77	299.366
0.775	379.039
0.78	457.161
0.785	531.597
0.79	599.624
0.795	658.749
0.8	707.231
0.805	744.08
0.81	768.691
0.815	780.547
0.82	779.354
0.825	765.573
0.83	740.989
0.835	708.818
0.84	673.14
0.845	637.881
0.85	605.871
0.855	578.451
0.86	555.753
0.865	537.389
0.87	523.044
0.875	512.666
0.88	506.266
0.885	503.62
0.89	504.197
0.895	507.403
0.9	512.938
0.905	520.972
0.91	531.964
0.915	546.206
0.92	563.408
0.925	582.562
0.93	602.158
0.935	620.574
0.94	636.402
0.945	648.59
0.95	656.439
0.955	659.617
0.96	658.246
0.965	652.987
0.97	644.948
0.975	635.34
0.98	625.019
0.985	614.189
0.99	602.483
0.995	589.419
1	574.919
1.005	559.506
1.01	544.013
1.015	528.971
1.02	514.093
1.025	498.273
1.03	480.154
1.035	458.928
1.04	434.872
1.045	409.277
1.05	383.829
1.055	359.861
1.06	337.947
1.065	318.019
1.07	299.833
1.075	283.351
1.08	268.753
1.085	256.096
1.09	244.928
1.095	234.229
1.1	222.771
1.105	209.659
1.11	194.672
1.115	178.165
1.12	160.612
1.125	142.173
1.13	122.598
1.135	101.553
1.14	79.069
1.145	55.732
1.15	32.415
1.155	9.73
1.16	-12.385
1.165	-34.563
1.17	-57.401
1.175	-80.728
1.18	-103.273
1.185	-123.031
1.19	-138.147
1.195	-147.826
1.2	-152.715
1.205	-154.564
1.21	-155.422
1.215	-156.849
1.22	-159.591
1.225	-163.766
1.23	-169.314
1.235	-176.328
1.24	-185.053
1.245	-195.633
1.25	-207.845
1.255	-221.054
1.26	-234.412
1.265	-247.15
1.27	-258.781
1.275	-269.151
1.28	-278.404
1.285	-286.963
1.29	-295.535
1.295	-305.041
1.3	-316.35
1.305	-329.84
1.31	-345.006
1.315	-360.393
1.32	-373.992
1.325	-383.98
1.33	-389.419
1.335	-390.532
1.34	-388.421
1.345	-384.404
1.35	-379.377
1.355	-373.541
1.36	-366.576
1.365	-358.059
1.37	-347.851
1.375	-336.237
1.38	-323.871
1.385	-311.643
1.39	-300.6
1.395	-291.864
1.4	-286.458
1.405	-284.977
1.41	-287.263
1.415	-292.355
1.42	-298.866
1.425	-305.688
1.43	-312.617
1.435	-320.454
1.44	-330.409
1.445	-343.096
1.45	-357.739
1.455	-372.134
1.46	-383.498
1.465	-389.765
1.47	-390.607
1.475	-387.585
1.48	-383.371
1.485	-380.497
1.49	-380.318
1.495	-382.681
1.5	-386.312
1.505	-389.561
1.51	-391.046
1.515	-389.972
1.52	-386.161
1.525	-380.014
1.53	-372.51
1.535	-365.141
1.54	-359.634
1.545	-357.408
1.55	-358.995
1.555	-363.789
1.56	-370.368
1.565	-377.281
1.57	-383.859
1.575	-390.524
1.58	-398.41
1.585	-408.502
1.59	-420.875
1.595	-434.483
1.6	-447.624
1.605	-458.716
1.61	-466.872
1.615	-471.959
1.62	-474.229
1.625	-473.909
1.63	-471.121
1.635	-466.155
1.64	-459.777
1.645	-453.201
1.65	-447.583
1.655	-443.342
1.66	-439.822
1.665	-435.652
1.67	-429.682
1.675	-421.944
1.68	-413.978
1.685	-408.243
1.69	-406.907
1.695	-410.731
1.7	-418.698
1.705	-428.579
1.71	-438.062
1.715	-445.759
1.72	-451.559
1.725	-456.253
1.73	-460.8
1.735	-465.719
1.74	-470.906
1.745	-475.783
1.75	-479.535
1.755	-481.185
1.76	-479.536
1.765	-473.179
1.77	-460.732
1.775	-441.258
1.78	-414.566
1.785	-381.131
1.79	-341.579
1.795	-296.036
1.8	-243.782
1.805	-183.536
1.81	-114.271
1.815	-36.137
1.82	49.056
1.825	138.081
1.83	227.153
1.835	312.96
1.84	393.371
1.845	467.569
1.85	535.689
1.855	598.249
1.86	655.683
1.865	708.105
1.87	755.285
1.875	796.729
1.88	831.822
1.885	859.997
1.89	880.97
1.895	894.946
1.9	902.703
1.905	905.477
1.91	904.651
1.915	901.421
1.92	896.587
1.925	890.571
1.93	883.591
1.935	875.859
1.94	867.673
1.945	859.401
1.95	851.432
1.955	844.179
1.96	838.113
1.965	833.734
1.97	831.405
1.975	831.089
1.98	832.188
1.985	833.656
1.99	834.434
1.995	833.982
2	832.563
2.005	831.035
2.01	830.193
2.015	830.052
2.02	829.519
2.025	826.719
2.03	819.82
2.035	807.899
2.04	791.337
2.045	771.539
2.05	750.195
2.055	728.531
2.06	706.959
2.065	685.245
2.07	662.949
2.075	639.802
2.08	615.818
2.085	591.191
2.09	566.195
2.095	541.245
2.1	517.062
2.105	494.718
2.11	475.362
2.115	459.702
2.12	447.518
2.125	437.586
2.13	428.13
2.135	417.603
2.14	405.332
2.145	391.643
2.15	377.387
2.155	363.213
2.16	349.032
2.165	334.031
2.17	317.176
2.175	297.855
2.18	276.252
2.185	253.275
2.19	230.13
2.195	207.872
2.2	187.168
2.205	168.311
2.21	151.339
2.215	136.097
2.22	122.23
2.225	109.201
2.23	96.475
2.235	83.83
2.24	71.589
2.245	60.536
2.25	51.457
2.255	44.52
2.26	38.877
2.265	32.78
2.27	24.199
2.275	11.616
2.28	-5.464
2.285	-26.516
2.29	-50.456
2.295	-76.201
2.3	-102.974
2.305	-130.263
2.31	-157.581
2.315	-184.326
2.32	-209.882
2.325	-233.86
2.33	-256.224
2.335	-277.114
2.34	-296.443
2.345	-313.581
2.35	-327.427
2.355	-336.915
2.36	-341.682
2.365	-342.445
2.37	-340.771
2.375	-338.34
2.38	-336.09
2.385	-333.776
2.39	-330.176
2.395	-323.817
2.4	-313.776
2.405	-300.132
2.41	-283.909
2.415	-266.652
2.42	-249.966
2.425	-235.246
2.43	-223.603
2.435	-215.85
2.44	-212.421
2.445	-213.224
2.45	-217.599
2.455	-224.514
2.46	-232.96
2.465	-242.345
2.47	-252.609
2.475	-263.96
2.48	-276.381
2.485	-289.228
2.49	-301.185
2.495	-310.647
2.5	-316.307
2.505	-317.644
2.51	-315.065
2.515	-309.677
2.52	-302.842
2.525	-295.729
2.53	-288.987
2.535	-282.601
2.54	-275.92
2.545	-267.896
2.55	-257.527
2.555	-244.436
2.56	-229.352
2.565	-214.205
2.57	-201.657
2.575	-194.176
2.58	-193.089
2.585	-198.105
2.59	-207.603
2.595	-219.549
2.6	-232.51
2.605	-246.191
2.61	-261.22
2.615	-278.368
2.62	-297.755
2.625	-318.532
2.63	-339.178
2.635	-358.127
2.64	-374.266
2.645	-386.992
2.65	-395.928
2.655	-400.645
2.66	-400.727
2.665	-396.162
2.67	-387.737
2.675	-376.991
2.68	-365.61
2.685	-354.566
2.69	-343.578
2.695	-331.352
2.7	-316.558
2.705	-298.98
2.71	-280.124
2.715	-262.838
2.72	-250.132
2.725	-243.858
2.73	-244.002
2.735	-248.951
2.74	-256.486
2.745	-264.904
2.75	-273.641
2.755	-283.171
2.76	-294.395
2.765	-307.96
2.77	-323.847
2.775	-341.32
2.78	-359.098
2.785	-375.593
2.79	-389.169
2.795	-398.481
2.8	-402.865
2.805	-402.628
2.81	-398.963
2.815	-393.349
2.82	-386.629
2.825	-378.228
2.83	-366.035
2.835	-347.143
2.84	-319.111
2.845	-281.089
2.85	-234.177
2.855	-180.827
2.86	-123.706
2.865	-64.688
2.87	-4.554
2.875	56.575
2.88	118.485
2.885	180.4
2.89	241.096
2.895	299.438
2.9	354.844
2.905	407.294
2.91	456.844
2.915	503.074
2.92	544.942
2.925	581.266
2.93	611.527
2.935	636.428
2.94	657.731
2.945	677.387
2.95	696.457
2.955	714.547
2.96	730.119
2.965	741.541
2.97	748.195
2.975	750.964
2.98	751.781
2.985	752.523
2.99	753.953
2.995	755.328
3	754.891
3.005	750.917
3.01	742.696
3.015	730.901
3.02	717.215
3.025	703.478
3.03	690.848
3.035	679.368
3.04	668.065
3.045	655.442
3.05	640.067
3.055	621.067
3.06	598.374
3.065	572.742
3.07	545.561
3.075	518.516
3.08	493.173
3.085	470.576
3.09	451.028
3.095	434.122
3.1	419.032
3.105	404.925
3.11	391.291
3.115	378.052
3.12	365.406
3.125	353.527
3.13	342.301
3.135	331.239
3.14	319.59
3.145	306.593
3.15	291.738
3.155	274.938
3.16	256.572
3.165	237.412
3.17	218.458
3.175	200.714
3.18	184.931
3.185	171.358
3.19	159.572
3.195	148.478
3.2	136.524
3.205	122.119
3.21	104.139
3.215	82.369
3.22	57.678
3.225	31.841
3.23	7.014
3.235	-14.949
3.24	-33.066
3.245	-47.426
3.25	-58.872
3.255	-68.332
3.26	-76.096
3.265	-81.483
3.27	-83.119
3.275	-79.767
3.28	-71.289
3.285	-59.199
3.29	-46.435
3.295	-36.369
3.3	-31.551
3.305	-32.816
3.31	-39.241
3.315	-48.953
3.32	-60.319
3.325	-72.841
3.33	-87.271
3.335	-104.947
3.34	-126.783
3.345	-152.544
3.35	-180.784
3.355	-209.41
3.36	-236.472
3.365	-260.691
3.37	-281.486
3.375	-298.643
3.38	-311.958
3.385	-321.162
3.39	-326.155
3.395	-327.282
3.4	-325.361
3.405	-321.338
3.41	-315.751
3.415	-308.396
3.42	-298.464
3.425	-285.155
3.43	-268.414
3.435	-249.362
3.44	-230.128
3.445	-213.168
3.45	-200.439
3.455	-192.856
3.46	-190.278
3.465	-191.924
3.47	-196.925
3.475	-204.686
3.48	-214.923
3.485	-227.468
3.49	-242.048
3.495	-258.193
3.5	-275.291
3.505	-292.685
3.51	-309.722
3.515	-325.738
3.52	-340.064
3.525	-352.124
3.53	-361.627
3.535	-368.706
3.54	-373.873
3.545	-377.729
3.55	-380.57
3.555	-382.122
3.56	-381.628
3.565	-378.283
3.57	-371.823
3.575	-362.917
3.58	-353.121
3.585	-344.376
3.59	-338.313
3.595	-335.715
3.6	-336.441
3.605	-339.811
3.61	-345.218
3.615	-352.606
3.62	-362.55
3.625	-375.901
3.63	-393.216
3.635	-414.286
3.64	-438
3.645	-462.576
3.65	-486.014
3.655	-506.538
3.66	-522.843
3.665	-534.16
3.67	-540.202
3.675	-541.128
3.68	-537.531
3.685	-530.399
3.69	-520.918
3.695	-510.126
3.7	-498.514
3.705	-485.824
3.71	-471.213
3.715	-453.795
3.72	-433.338
3.725	-410.75
3.73	-388.074
3.735	-367.941
3.74	-352.735
3.745	-343.878
3.75	-341.591
3.755	-345.204
3.76	-353.785
3.765	-366.708
3.77	-383.84
3.775	-405.291
3.78	-430.938
3.785	-460.042
3.79	-491.194
3.795	-522.575
3.8	-552.368
3.805	-579.073
3.81	-601.629
3.815	-619.395
3.82	-632.115
3.825	-639.93
3.83	-643.369
3.835	-643.187
3.84	-639.987
3.845	-633.762
3.85	-623.634
3.855	-608.046
3.86	-585.428
3.865	-555.044
3.87	-517.567
3.875	-475.007
3.88	-429.984
3.885	-384.715
3.89	-340.261
3.895	-296.457
3.9	-252.499
3.905	-207.834
3.91	-162.799
3.915	-118.655
3.92	-77.057
3.925	-39.309
3.93	-5.858
3.935	23.74
3.94	50.44
3.945	75.214
3.95	98.716
3.955	121.214
3.96	142.7
3.965	162.995
3.97	181.8
3.975	198.738
3.98	213.524
3.985	226.252
3.99	237.648
3.995	249.029
4	261.849
4.005	276.972
4.01	294.055
4.015	311.433
4.02	326.683
4.025	337.595
4.03	343.059
4.035	343.37
4.04	339.795
4.045	333.688
4.05	325.684
4.055	315.425
4.06	301.931
4.065	284.329
4.07	262.479
4.075	237.17
4.08	209.859
4.085	182.222
4.09	155.816
4.095	131.976
4.1	111.836
4.105	96.271
4.11	85.652
4.115	79.57
4.12	76.794
4.125	75.684
4.13	74.947
4.135	74.347
4.14	74.925
4.145	78.492
4.15	86.602
4.155	99.541
4.16	115.888
4.165	132.892
4.17	147.44
4.175	157.078
4.18	160.573
4.185	157.818
4.19	149.31
4.195	135.617
4.2	117.185
4.205	94.506
4.21	68.402
4.215	40.113
4.22	11.072
4.225	-17.469
4.23	-44.678
4.235	-70.044
4.24	-93.042
4.245	-112.866
4.25	-128.534
4.255	-139.399
4.26	-145.744
4.265	-148.998
4.27	-151.271
4.275	-154.334
4.28	-158.557
4.285	-162.454
4.29	-163.18
4.295	-157.794
4.3	-144.69
4.305	-124.455
4.31	-99.779
4.315	-74.517
4.32	-52.45
4.325	-36.357
4.33	-27.73
4.335	-27.073
4.34	-34.389
4.345	-49.509
4.35	-72.085
4.355	-101.384
4.36	-136.128
4.365	-174.531
4.37	-214.52
4.375	-253.982
4.38	-290.916
4.385	-323.506
4.39	-350.25
4.395	-370.236
4.4	-383.493
4.405	-391.172
4.41	-395.29
4.415	-398.007
4.42	-400.696
4.425	-403.303
4.43	-404.385
4.435	-401.901
4.44	-394.372
4.445	-381.802
4.45	-365.861
4.455	-349.261
4.46	-334.685
4.465	-323.874
4.47	-317.334
4.475	-314.692
4.48	-315.385
4.485	-319.186
4.49	-326.267
4.495	-336.859
4.5	-350.839
4.505	-367.571
4.51	-386.113
4.515	-405.585
4.52	-425.388
4.525	-445.052
4.53	-463.846
4.535	-480.472
4.54	-493.181
4.545	-500.38
4.55	-501.429
4.555	-497.13
4.56	-489.535
4.565	-481.07
4.57	-473.392
4.575	-466.589
4.58	-459.171
4.585	-448.869
4.59	-433.842
4.595	-413.65
4.6	-389.538
4.605	-363.952
4.61	-339.606
4.615	-318.621
4.62	-302.136
4.625	-290.465
4.63	-283.582
4.635	-281.552
4.64	-284.645
4.645	-293.117
4.65	-306.858
4.655	-325.171
4.66	-346.827
4.665	-370.342
4.67	-394.28
4.675	-417.388
4.68	-438.523
4.685	-456.513
4.69	-470.158
4.695	-478.488
4.7	-481.212
4.705	-479.066
4.71	-473.781
4.715	-467.536
4.72	-462.077
4.725	-457.894
4.73	-453.907
4.735	-447.864
4.74	-437.314
4.745	-420.705
4.75	-398.084
4.755	-371.121
4.76	-342.484
4.765	-314.96
4.77	-290.75
4.775	-271.213
4.78	-257.048
4.785	-248.629
4.79	-246.25
4.795	-250.131
4.8	-260.289
4.805	-276.446
4.81	-298.082
4.815	-324.571
4.82	-355.205
4.825	-388.993
4.83	-424.327
4.835	-458.778
4.84	-489.324
4.845	-513.073
4.85	-528.2
4.855	-534.582
4.86	-533.71
4.865	-527.806
4.87	-518.544
4.875	-506.055
4.88	-488.781
4.885	-464.268
4.89	-430.499
4.895	-387.052
4.9	-335.493
4.905	-278.857
4.91	-220.567
4.915	-163.384
4.92	-108.872
4.925	-57.516
4.93	-9.233
4.935	36.084
4.94	78.29
4.945	116.979
4.95	151.598
4.955	181.513
4.96	206.023
4.965	224.426
4.97	236.268
4.975	241.706
4.98	241.769
4.985	238.252
4.99	233.174
4.995	228.016
5	223.177
5.005	218.039
5.01	211.696
5.015	204.002
5.02	196.338
5.025	191.606
5.03	193.346
5.035	204.374
5.04	225.599
5.045	255.605
5.05	291.181
5.055	328.478
5.06	364.205
5.065	396.321
5.07	423.994
5.075	447.031
5.08	465.211
5.085	477.901
5.09	484.138
5.095	483
5.1	474.012
5.105	457.315
5.11	433.583
5.115	403.802
5.12	369.133
5.125	330.936
5.13	290.888
5.135	251.011
5.14	213.445
5.145	179.992
5.15	151.64
5.155	128.342
5.16	109.259
5.165	93.413
5.17	80.428
5.175	70.997
5.18	66.754
5.185	69.594
5.19	80.727
5.195	99.945
5.2	125.45
5.205	154.321
5.21	183.381
5.215	210.035
5.22	232.73
5.225	250.875
5.23	264.413
5.235	273.3
5.24	277.196
5.245	275.471
5.25	267.431
5.255	252.619
5.26	231.029
5.265	203.205
5.27	170.259
5.275	133.821
5.28	95.938
5.285	58.839
5.29	24.58
5.295	-5.355
5.3	-30.32
5.305	-50.485
5.31	-66.48
5.315	-78.857
5.32	-87.626
5.325	-92.099
5.33	-91.128
5.335	-83.61
5.34	-69.02
5.345	-47.765
5.35	-21.235
5.355	8.376
5.36	38.378
5.365	65.938
5.37	88.42
5.375	103.704
5.38	110.441
5.385	108.129
5.39	96.976
5.395	77.559
5.4	50.484
5.405	16.261
5.41	-24.465
5.415	-70.446
5.42	-119.437
5.425	-168.24
5.43	-213.328
5.435	-251.845
5.44	-282.49
5.445	-305.812
5.45	-323.7
5.455	-338.328
5.46	-351.092
5.465	-362.078
5.47	-370.257
5.475	-374.179
5.48	-372.691
5.485	-365.259
5.49	-351.84
5.495	-332.552
5.5	-307.554
5.505	-277.293
5.51	-242.966
5.515	-206.794
5.52	-171.768
5.525	-140.892
5.53	-116.318
5.535	-98.939
5.54	-88.72
5.545	-85.607
5.55	-90.394
5.555	-104.917
5.56	-131.269
5.565	-170.402
5.57	-220.862
5.575	-278.471
5.58	-337.262
5.585	-391.298
5.59	-436.527
5.595	-471.766
5.6	-498.405
5.605	-519.055
5.61	-535.904
5.615	-549.597
5.62	-559.115
5.625	-562.576
5.63	-558.399
5.635	-546.201
5.64	-527.007
5.645	-502.784
5.65	-475.628
5.655	-447.067
5.66	-417.797
5.665	-387.888
5.67	-357.287
5.675	-326.298
5.68	-295.828
5.685	-267.293
5.69	-242.286
5.695	-222.186
5.7	-207.905
5.705	-199.888
5.71	-198.335
5.715	-203.513
5.72	-215.953
5.725	-236.349
5.73	-265.142
5.735	-301.939
5.74	-345.044
5.745	-391.42
5.75	-437.204
5.755	-478.658
5.76	-513.184
5.765	-539.942
5.77	-559.76
5.775	-574.341
5.78	-585.115
5.785	-592.263
5.79	-594.37
5.795	-588.85
5.8	-572.936
5.805	-544.751
5.81	-504.009
5.815	-452.102
5.82	-391.634
5.825	-325.724
5.83	-257.375
5.835	-189.121
5.84	-122.926
5.845	-60.197
5.85	-1.807
5.855	51.874
5.86	100.84
5.865	145.128
5.87	184.37
5.875	217.44
5.88	242.469
5.885	257.357
5.89	260.641
5.895	252.34
5.9	234.313
5.905	209.865
5.91	182.715
5.915	155.774
5.92	130.341
5.925	106.122
5.93	82.093
5.935	57.783
5.94	34.331
5.945	14.788
5.95	3.485
5.955	4.734
5.96	21.438
5.965	54.154
5.97	100.926
5.975	157.837
5.98	219.933
5.985	282.148
5.99	339.974
5.995	389.835
6	429.29
6.005	457.166
6.01	473.615
6.015	479.985
6.02	478.375
6.025	470.903
6.03	458.937
6.035	442.623
6.04	420.998
6.045	392.697
6.05	356.922
6.055	314.196
6.06	266.478
6.065	216.588
6.07	167.221
6.075	120.098
6.08	75.674
6.085	33.517
6.09	-6.939
6.095	-45.714
6.1	-82.028
6.105	-114.517
6.11	-141.631
6.115	-161.894
6.12	-173.882
6.125	-176.065
6.13	-166.867
6.135	-145.152
6.14	-111.009
6.145	-66.393
6.15	-15.137
6.155	37.86
6.16	87.941
6.165	131.842
6.17	168.062
6.175	196.318
6.18	216.47
6.185	227.689
6.19	228.413
6.195	217.146
6.2	193.555
6.205	159.12
6.21	116.89
6.215	70.463
6.22	22.839
6.225	-24.2
6.23	-69.893
6.235	-113.785
6.24	-155.107
6.245	-192.7
6.25	-225.474
6.255	-252.922
6.26	-275.143
6.265	-292.237
6.27	-303.472
6.275	-306.922
6.28	-300.074
6.285	-281.228
6.29	-250.948
6.295	-212.645
6.3	-171.837
6.305	-134.412
6.31	-104.818
6.315	-85.12
6.32	-75.281
6.325	-74.261
6.33	-81.064
6.335	-95.038
6.34	-115.364
6.345	-140.293
6.35	-166.904
6.355	-191.744
6.36	-212.075
6.365	-226.949
6.37	-237.405
6.375	-245.656
6.38	-253.768
6.385	-262.648
6.39	-271.909
6.395	-280.57
6.4	-287.998
6.405	-294.392
6.41	-300.515
6.415	-306.903
6.42	-313.188
6.425	-318.037
6.43	-319.788
6.435	-317.362
6.44	-310.871
6.445	-301.553
6.45	-291.131
6.455	-281.015
6.46	-271.815
6.465	-263.349
6.47	-255.04
6.475	-246.348
6.48	-237.028
6.485	-227.161
6.49	-217.085
6.495	-207.381
6.5	-198.9
6.505	-192.736
6.51	-190.051
6.515	-191.785
6.52	-198.398
6.525	-209.818
6.53	-225.602
6.535	-245.19
6.54	-268.042
6.545	-293.55
6.55	-320.843
6.555	-348.677
6.56	-375.558
6.565	-400.073
6.57	-421.199
6.575	-438.382
6.58	-451.337
6.585	-459.777
6.59	-463.34
6.595	-461.838
6.6	-455.705
6.605	-446.273
6.61	-435.584
6.615	-425.727
6.62	-418.045
6.625	-412.671
6.63	-408.692
6.635	-404.84
6.64	-400.266
6.645	-394.943
6.65	-389.465
6.655	-384.468
6.66	-380.089
6.665	-375.832
6.67	-370.898
6.675	-364.703
6.68	-357.213
6.685	-348.898
6.69	-340.392
6.695	-332.144
6.7	-324.28
6.705	-316.699
6.71	-309.224
6.715	-301.645
6.72	-293.63
6.725	-284.686
6.73	-274.346
6.735	-262.576
6.74	-250.141
6.745	-238.598
6.75	-229.771
6.755	-224.911
6.76	-224.039
6.765	-225.901
6.77	-228.619
6.775	-230.658
6.78	-231.502
6.785	-231.624
6.79	-231.793
6.795	-232.211
6.8	-232.084
6.805	-229.902
6.81	-224.236
6.815	-214.474
6.82	-201.002
6.825	-184.726
6.83	-166.286
6.835	-145.538
6.84	-121.643
6.845	-93.711
6.85	-61.554
6.855	-26.058
6.86	11.031
6.865	47.749
6.87	82.595
6.875	114.911
6.88	144.864
6.885	173.185
6.89	200.856
6.895	228.847
6.9	257.874
6.905	288.14
6.91	319.117
6.915	349.533
6.92	377.708
6.925	402.126
6.93	421.988
6.935	437.368
6.94	448.856
6.945	456.918
6.95	461.401
6.955	461.597
6.96	456.839
6.965	447.26
6.97	434.146
6.975	419.597
6.98	405.664
6.985	393.525
6.99	383.244
6.995	374.256
7	366.201
7.005	359.473
7.01	355.064
7.015	353.784
7.02	355.421
7.025	358.469
7.03	360.68
7.035	360.113
7.04	356.054
7.045	349.234
7.05	341.311
7.055	334.022
7.06	328.62
7.065	325.882
7.07	326.524
7.075	331.561
7.08	342.188
7.085	359.209
7.09	382.416
7.095	410.405
7.1	441.018
7.105	472.137
7.11	502.288
7.115	530.667
7.12	556.629
7.125	579.093
7.13	596.404
7.135	606.798
7.14	609.21
7.145	603.813
7.15	591.898
7.155	575.121
7.16	554.619
7.165	530.574
7.17	502.493
7.175	469.969
7.18	433.354
7.185	393.901
7.19	353.31
7.195	313.059
7.2	274.001
7.205	236.499
7.21	200.908
7.215	167.993
7.22	138.935
7.225	114.942
7.23	96.796
7.235	84.716
7.24	78.669
7.245	78.842
7.25	85.858
7.255	100.448
7.26	122.722
7.265	151.503
7.27	184.215
7.275	217.464
7.28	248.017
7.285	273.635
7.29	293.321
7.295	306.986
7.3	314.873
7.305	317.215
7.31	314.336
7.315	307.047
7.32	296.916
7.325	286.112
7.33	276.79
7.335	270.367
7.34	267.081
7.345	266.074
7.35	265.88
7.355	264.986
7.36	262.155
7.365	256.429
7.37	246.951
7.375	232.861
7.38	213.391
7.385	188.087
7.39	156.995
7.395	120.676
7.4	80.077
7.405	36.403
7.41	-8.921
7.415	-54.208
7.42	-97.547
7.425	-137.043
7.43	-171.223
7.435	-199.405
7.44	-221.752
7.445	-238.934
7.45	-251.554
7.455	-259.678
7.46	-262.785
7.465	-260.168
7.47	-251.546
7.475	-237.448
7.48	-219.126
7.485	-198.01
7.49	-175.022
7.495	-150.197
7.5	-122.809
7.505	-91.963
7.51	-57.307
7.515	-19.51
7.52	19.716
7.525	58.002
7.53	92.89
7.535	122.332
7.54	144.953
7.545	160.052
7.55	167.426
7.555	167.107
7.56	159.139
7.565	143.464
7.57	119.985
7.575	88.81
7.58	50.565
7.585	6.642
7.59	-40.793
7.595	-89.079
7.6	-135.538
7.605	-177.946
7.61	-214.774
7.615	-245.158
7.62	-268.682
7.625	-285.185
7.63	-294.727
7.635	-297.695
7.64	-294.9
7.645	-287.484
7.65	-276.646
7.655	-263.297
7.66	-247.91
7.665	-230.675
7.67	-211.862
7.675	-192.153
7.68	-172.658
7.685	-154.57
7.69	-138.654
7.695	-124.906
7.7	-112.628
7.705	-100.92
7.71	-89.268
7.715	-77.901
7.72	-67.676
7.725	-59.584
7.73	-54.17
7.735	-51.211
7.74	-49.77
7.745	-48.549
7.75	-46.252
7.755	-41.791
7.76	-34.268
7.765	-22.911
7.77	-7.107
7.775	13.378
7.78	38.108
7.785	65.797
7.79	94.399
7.795	121.453
7.8	144.56
7.805	161.804
7.81	172.01
7.815	174.829
7.82	170.696
7.825	160.74
7.83	146.636
7.835	130.403
7.84	114.138
7.845	99.773
7.85	88.915
7.855	82.813
7.86	82.427
7.865	88.481
7.87	101.418
7.875	121.271
7.88	147.531
7.885	179.15
7.89	214.72
7.895	252.777
7.9	292.077
7.905	331.713
7.91	371.049
7.915	409.541
7.92	446.596
7.925	481.54
7.93	513.684
7.935	542.416
7.94	567.241
7.945	587.774
7.95	603.743
7.955	615.062
7.96	621.954
7.965	625.022
7.97	625.136
7.975	623.121
7.98	619.334
7.985	613.343
7.99	603.896
7.995	589.245
8	567.716
8.005	538.325
8.01	501.212
8.015	457.751
8.02	410.326
8.025	361.827
8.03	315.017
8.035	271.922
8.04	233.458
8.045	199.43
8.05	168.984
8.055	141.356
8.06	116.615
8.065	96.014
8.07	81.699
8.075	75.88
8.08	79.841
8.085	93.355
8.09	114.852
8.095	142.277
8.1	174.166
8.105	210.266
8.11	251.275
8.115	297.792
8.12	349.022
8.125	402.011
8.13	451.915
8.135	493.258
8.14	521.629
8.145	535.013
8.15	534.18
8.155	522.016
8.16	502.185
8.165	477.754
8.17	450.334
8.175	419.979
8.18	385.706
8.185	346.302
8.19	301.079
8.195	250.325
8.2	195.4
8.205	138.539
8.21	82.45
8.215	29.833
8.22	-17.088
8.225	-56.939
8.23	-89.376
8.235	-115.034
8.24	-135.22
8.245	-151.391
8.25	-164.522
8.255	-174.526
8.26	-179.97
8.265	-178.244
8.27	-166.276
8.275	-141.633
8.28	-103.645
8.285	-54.084
8.29	2.962
8.295	62.041
8.3	117.768
8.305	166.132
8.31	205.12
8.315	234.467
8.32	254.748
8.325	266.397
8.33	269.159
8.335	262.239
8.34	244.948
8.345	217.416
8.35	180.966
8.355	137.997
8.36	91.527
8.365	44.686
8.37	0.342
8.375	-39.132
8.38	-72.072
8.385	-97.785
8.39	-116.732
8.395	-130.41
8.4	-140.744
8.405	-149.133
8.41	-155.557
8.415	-158.278
8.42	-154.417
8.425	-141.245
8.43	-117.61
8.435	-84.79
8.44	-46.35
8.445	-7.096
8.45	28.36
8.455	56.734
8.46	76.491
8.465	87.518
8.47	90.403
8.475	85.775
8.48	73.972
8.485	55.104
8.49	29.301
8.495	-3.008
8.5	-40.922
8.505	-83.008
8.51	-127.331
8.515	-171.607
8.52	-213.511
8.525	-251.11
8.53	-283.281
8.535	-309.886
8.54	-331.552
8.545	-349.072
8.55	-362.699
8.555	-371.686
8.56	-374.369
8.565	-368.791
8.57	-353.611
8.575	-328.898
8.58	-296.462
8.585	-259.622
8.59	-222.537
8.595	-189.347
8.6	-163.401
8.605	-146.719
8.61	-139.761
8.615	-141.533
8.62	-150.027
8.625	-162.924
8.63	-178.401
8.635	-195.742
8.64	-215.513
8.645	-239.133
8.65	-268.004
8.655	-302.562
8.66	-341.696
8.665	-382.849
8.67	-422.772
8.675	-458.586
8.68	-488.668
8.685	-512.945
8.69	-532.49
8.695	-548.611
8.7	-561.863
8.705	-571.423
8.71	-575.094
8.715	-569.959
8.72	-553.441
8.725	-524.37
8.73	-483.68
8.735	-434.432
8.74	-381.125
8.745	-328.515
8.75	-280.343
8.755	-238.467
8.76	-202.709
8.765	-171.469
8.77	-142.816
8.775	-115.544
8.78	-89.719
8.785	-66.493
8.79	-47.325
8.795	-33.021
8.8	-23.104
8.805	-15.815
8.81	-8.728
8.815	0.331
8.82	12.519
8.825	27.692
8.83	44.699
8.835	62.071
8.84	78.763
8.845	94.654
8.85	110.635
8.855	128.338
8.86	149.657
8.865	176.247
8.87	209.112
8.875	248.332
8.88	292.912
8.885	340.789
8.89	389.033
8.895	434.303
8.9	473.51
8.905	504.518
8.91	526.61
8.915	540.464
8.92	547.577
8.925	549.343
8.93	546.237
8.935	537.55
8.94	521.906
8.945	498.366
8.95	467.557
8.955	432.2
8.96	396.64
8.965	365.522
8.97	342.218
8.975	327.784
8.98	320.953
8.985	319.148
8.99	319.941
8.995	322.208
9	326.425
9.005	334.074
9.01	346.623
9.015	364.664
9.02	387.651
9.025	414.189
9.03	442.553
9.035	471.022
9.04	497.879
9.045	521.261
9.05	539.167
9.055	549.847
9.06	552.394
9.065	547.182
9.07	535.733
9.075	519.979
9.08	501.259
9.085	479.646
9.09	454.054
9.095	423.119
9.1	386.389
9.105	345.126
9.11	302.243
9.115	261.382
9.12	225.644
9.125	196.646
9.13	174.366
9.135	157.788
9.14	145.88
9.145	138.343
9.15	135.757
9.155	139.123
9.16	149.157
9.165	165.75
9.17	187.841
9.175	213.663
9.18	241.132
9.185	268.15
9.19	292.726
9.195	313.016
9.2	327.401
9.205	334.694
9.21	334.361
9.215	326.606
9.22	312.188
9.225	292.022
9.23	266.752
9.235	236.547
9.24	201.272
9.245	160.945
9.25	116.254
9.255	68.828
9.26	21.081
9.265	-24.314
9.27	-65.085
9.275	-99.857
9.28	-128.247
9.285	-150.575
9.29	-167.347
9.295	-178.786
9.3	-184.625
9.305	-184.218
9.31	-176.878
9.315	-162.263
9.32	-140.662
9.325	-113.121
9.33	-81.419
9.335	-47.937
9.34	-15.439
9.345	13.262
9.35	35.759
9.355	50.537
9.36	57.308
9.365	56.966
9.37	51.089
9.375	41.102
9.38	27.474
9.385	9.38
9.39	-14.906
9.395	-46.99
9.4	-87.16
9.405	-133.633
9.41	-182.683
9.415	-229.655
9.42	-270.402
9.425	-302.468
9.43	-325.448
9.435	-340.427
9.44	-348.86
9.445	-351.555
9.45	-348.259
9.455	-338.016
9.46	-319.968
9.465	-294.111
9.47	-261.566
9.475	-224.324
9.48	-184.679
9.485	-144.771
9.49	-106.43
9.495	-71.297
9.5	-40.972
9.505	-16.938
9.51	-0.248
9.515	8.801
9.52	10.716
9.525	6.412
9.53	-3.471
9.535	-19.132
9.54	-41.669
9.545	-72.479
9.55	-112.257
9.555	-160.093
9.56	-213.171
9.565	-267.264
9.57	-317.795
9.575	-360.991
9.58	-394.589
9.585	-417.887
9.59	-431.226
9.595	-435.297
9.6	-430.647
9.605	-417.58
9.61	-396.405
9.615	-367.772
9.62	-332.888
9.625	-293.505
9.63	-251.721
9.635	-209.751
9.64	-169.739
9.645	-133.638
9.65	-103.082
9.655	-79.215
9.66	-62.505
9.665	-52.65
9.67	-48.704
9.675	-49.444
9.68	-53.898
9.685	-61.81
9.69	-73.838
9.695	-91.341
9.7	-115.807
9.705	-148.09
9.71	-187.739
9.715	-232.656
9.72	-279.225
9.725	-322.864
9.73	-358.838
9.735	-383.078
9.74	-392.76
9.745	-386.528
9.75	-364.363
9.755	-327.232
9.76	-276.701
9.765	-214.649
9.77	-143.149
9.775	-64.459
9.78	18.963
9.785	104.487
9.79	189.384
9.795	270.94
9.8	346.554
9.805	413.862
9.81	470.905
9.815	516.36
9.82	549.766
9.825	571.579
9.83	582.953
9.835	585.229
9.84	579.332
9.845	565.395
9.85	542.887
9.855	511.29
9.86	471.032
9.865	424.213
9.87	374.658
9.875	327.21
9.88	286.519
9.885	255.915
9.89	236.872
9.895	229.272
9.9	232.222
9.905	244.902
9.91	266.979
9.915	298.405
9.92	338.837
9.925	387.078
9.93	440.919
9.935	497.419
9.94	553.436
9.945	606.086
9.95	652.956
9.955	692.13
9.96	722.208
9.965	742.441
9.97	752.911
9.975	754.506
9.98	748.511
9.985	735.876
9.99	716.504
9.995	689.051
10	651.489
10.005	602.293
10.01	541.683
10.015	472.272
10.02	398.734
10.025	326.637
10.03	261.007
10.035	205.322
10.04	161.306
10.045	129.448
10.05	109.749
10.055	102.184
10.06	106.616
10.065	122.329
10.07	147.592
10.075	179.625
10.08	215.038
10.085	250.508
10.09	283.338
10.095	311.634
10.1	334.153
10.105	350.029
10.11	358.643
10.115	359.69
10.12	353.293
10.125	339.969
10.13	320.327
10.135	294.658
10.14	262.692
10.145	223.78
10.15	177.499
10.155	124.402
10.16	66.49
10.165	7.104
10.17	-49.771
10.175	-100.468
10.18	-142.439
10.185	-174.534
10.19	-196.739
10.195	-209.597
10.2	-213.663
10.205	-209.288
10.21	-196.753
10.215	-176.614
10.22	-150.013
10.225	-118.779
10.23	-85.283
10.235	-52.136
10.24	-21.837
10.245	3.526
10.25	22.497
10.255	34.36
10.26	39.09
10.265	37.12
10.27	28.949
10.275	14.702
10.28	-6.102
10.285	-34.406
10.29	-71.019
10.295	-115.803
10.3	-166.997
10.305	-221.112
10.31	-273.544
10.315	-319.725
10.32	-356.347
10.325	-382.079
10.33	-397.493
10.335	-404.26
10.34	-404.089
10.345	-397.964
10.35	-386.033
10.355	-368.113
10.36	-344.424
10.365	-316.074
10.37	-284.996
10.375	-253.434
10.38	-223.312
10.385	-195.868
10.39	-171.733
10.395	-151.279
10.4	-134.942
10.405	-123.233
10.41	-116.467
10.415	-114.47
10.42	-116.567
10.425	-122.004
10.43	-130.588
10.435	-143.154
10.44	-161.465
10.445	-187.505
10.45	-222.444
10.455	-265.794
10.46	-315.19
10.465	-366.87
10.47	-416.633
10.475	-460.783
10.48	-496.731
10.485	-523.108
10.49	-539.536
10.495	-546.281
10.5	-543.952
10.505	-533.288
10.51	-514.97
10.515	-489.493
10.52	-457.14
10.525	-418.194
10.53	-373.368
10.535	-324.288
10.54	-273.727
10.545	-225.4
10.55	-183.275
10.555	-150.699
10.56	-129.696
10.565	-120.719
10.57	-122.9
10.575	-134.549
10.58	-153.646
10.585	-178.123
10.59	-205.993
10.595	-235.474
10.6	-265.226
10.605	-294.631
10.61	-323.895
10.615	-353.794
10.62	-385.066
10.625	-417.743
10.63	-450.779
10.635	-482.238
10.64	-509.971
10.645	-532.404
10.65	-549.011
10.655	-560.195
10.66	-566.682
10.665	-568.786
10.67	-565.94
10.675	-556.727
10.68	-539.324
10.685	-512.068
10.69	-473.883
10.695	-424.448
10.7	-364.178
10.705	-294.173
10.71	-216.229
10.715	-132.881
10.72	-47.33
10.725	36.801
10.73	115.919
10.735	186.941
10.74	247.693
10.745	297.083
10.75	335.059
10.755	362.405
10.76	380.449
10.765	390.752
10.77	394.875
10.775	394.264
10.78	390.335
10.785	384.705
10.79	379.428
10.795	377.001
10.8	379.994
10.805	390.337
10.81	408.561
10.815	433.427
10.82	462.242
10.825	491.836
10.83	519.794
10.835	545.343
10.84	569.462
10.845	594.159
10.85	621.337
10.855	651.851
10.86	685.207
10.865	719.942
10.87	754.339
10.875	786.986
10.88	816.86
10.885	843.023
10.89	864.256
10.895	879.02
10.9	885.831
10.905	883.85
10.91	873.282
10.915	855.302
10.92	831.532
10.925	803.393
10.93	771.736
10.935	736.983
10.94	699.66
10.945	660.947
10.95	622.844
10.955	587.772
10.96	557.787
10.965	533.799
10.97	515.244
10.975	500.396
10.98	487.208
10.985	474.312
10.99	461.712
10.995	450.882
11	444.225
11.005	444.146
11.01	452.113
11.015	468.085
11.02	490.491
11.025	516.694
11.03	543.683
11.035	568.681
11.04	589.457
11.045	604.339
11.05	612.094
11.055	611.885
11.06	603.409
11.065	587.101
11.07	564.202
11.075	536.474
11.08	505.603
11.085	472.533
11.09	437.135
11.095	398.457
11.1	355.513
11.105	308.24
11.11	258.097
11.115	207.969
11.12	161.378
11.125	121.384
11.13	89.729
11.135	66.6
11.14	51.044
11.145	41.747
11.15	37.728
11.155	38.624
11.16	44.527
11.165	55.57
11.17	71.532
11.175	91.672
11.18	114.782
11.185	139.37
11.19	163.828
11.195	186.548
11.2	206.006
11.205	220.849
11.21	230.009
11.215	232.784
11.22	228.832
11.225	218.075
11.23	200.552
11.235	176.316
11.24	145.419
11.245	108
11.25	64.423
11.255	15.428
11.26	-37.732
11.265	-93.206
11.27	-148.536
11.275	-200.8
11.28	-246.956
11.285	-284.35
11.29	-311.254
11.295	-327.215
11.3	-333.05
11.305	-330.461
11.31	-321.427
11.315	-307.641
11.32	-290.235
11.325	-269.857
11.33	-246.987
11.335	-222.266
11.34	-196.664
11.345	-171.415
11.35	-147.815
11.355	-126.993
11.36	-109.752
11.365	-96.5
11.37	-87.24
11.375	-81.626
11.38	-79.115
11.385	-79.222
11.39	-81.824
11.395	-87.348
11.4	-96.695
11.405	-110.845
11.41	-130.297
11.415	-154.632
11.42	-182.454
11.425	-211.786
11.43	-240.697
11.435	-267.804
11.44	-292.359
11.445	-313.905
11.45	-331.783
11.455	-344.891
11.46	-351.96
11.465	-352.219
11.47	-346.083
11.475	-335.359
11.48	-322.753
11.485	-310.825
11.49	-300.895
11.495	-292.451
11.5	-283.354
11.505	-270.75
11.51	-252.252
11.515	-226.879
11.52	-195.414
11.525	-160.13
11.53	-124.141
11.535	-90.678
11.54	-62.55
11.545	-41.885
11.55	-30.089
11.555	-27.915
11.56	-35.558
11.565	-52.723
11.57	-78.663
11.575	-112.197
11.58	-151.706
11.585	-195.143
11.59	-240.096
11.595	-283.937
11.6	-324.087
11.605	-358.358
11.61	-385.29
11.615	-404.375
11.62	-416.067
11.625	-421.543
11.63	-422.254
11.635	-419.375
11.64	-413.32
11.645	-403.499
11.65	-388.404
11.655	-366.037
11.66	-334.554
11.665	-292.901
11.67	-241.257
11.675	-181.143
11.68	-115.224
11.685	-46.908
11.69	20.101
11.695	82.221
11.7	136.376
11.705	180.357
11.71	213.138
11.715	235.032
11.72	247.546
11.725	252.863
11.73	253.098
11.735	249.613
11.74	242.734
11.745	232.039
11.75	217.08
11.755	198.161
11.76	176.736
11.765	155.185
11.77	136.081
11.775	121.344
11.78	111.706
11.785	106.746
11.79	105.418
11.795	106.739
11.8	110.301
11.805	116.416
11.81	125.935
11.815	139.941
11.82	159.474
11.825	185.338
11.83	217.925
11.835	256.992
11.84	301.42
11.845	349.09
11.85	397.016
11.855	441.769
11.86	480.057
11.865	509.243
11.87	527.62
11.875	534.4
11.88	529.525
11.885	513.458
11.89	487.066
11.895	451.594
11.9	408.656
11.905	360.204
11.91	308.454
11.915	255.838
11.92	204.969
11.925	158.572
11.93	119.274
11.935	89.228
11.94	69.66
11.945	60.574
11.95	60.805
11.955	68.499
11.96	81.816
11.965	99.521
11.97	121.188
11.975	146.911
11.98	176.738
11.985	210.136
11.99	245.787
11.995	281.752
12	315.855
12.005	346.037
12.01	370.515
12.015	387.786
12.02	396.611
12.025	396.118
12.03	386.009
12.035	366.745
12.04	339.524
12.045	306.003
12.05	267.872
12.055	226.486
12.06	182.738
12.065	137.221
12.07	90.554
12.075	43.681
12.08	-1.993
12.085	-44.686
12.09	-82.484
12.095	-113.645
12.1	-136.902
12.105	-151.675
12.11	-158.144
12.115	-157.123
12.12	-149.726
12.125	-136.933
12.13	-119.243
12.135	-96.624
12.14	-68.856
12.145	-36.126
12.15	0.416
12.155	38.456
12.16	74.817
12.165	106.116
12.17	129.462
12.175	142.872
12.18	145.301
12.185	136.425
12.19	116.443
12.195	86.097
12.2	46.842
12.205	0.96
12.21	-48.639
12.215	-98.943
12.22	-147.482
12.225	-192.756
12.23	-234.213
12.235	-271.847
12.24	-305.697
12.245	-335.574
12.25	-361.152
12.255	-382.266
12.26	-399.115
12.265	-412.145
12.27	-421.633
12.275	-427.268
12.28	-428.028
12.285	-422.506
12.29	-409.526
12.295	-388.704
12.3	-360.677
12.305	-326.941
12.31	-289.482
12.315	-250.476
12.32	-212.202
12.325	-177.058
12.33	-147.492
12.335	-125.677
12.34	-113.043
12.345	-109.906
12.35	-115.514
12.355	-128.528
12.36	-147.733
12.365	-172.558
12.37	-203.098
12.375	-239.636
12.38	-281.926
12.385	-328.675
12.39	-377.481
12.395	-425.233
12.4	-468.738
12.405	-505.285
12.41	-532.992
12.415	-550.948
12.42	-559.237
12.425	-558.882
12.43	-551.643
12.435	-539.573
12.44	-524.374
12.445	-506.784
12.45	-486.339
12.455	-461.732
12.46	-431.709
12.465	-396.09
12.47	-356.41
12.475	-315.801
12.48	-278.168
12.485	-247.052
12.49	-224.737
12.495	-211.975
12.5	-208.338
12.505	-212.888
12.51	-224.761
12.515	-243.385
12.52	-268.384
12.525	-299.343
12.53	-335.668
12.535	-376.607
12.54	-421.319
12.545	-468.856
12.55	-517.99
12.555	-566.98
12.56	-613.482
12.565	-654.72
12.57	-687.881
12.575	-710.577
12.58	-721.131
12.585	-718.615
12.59	-702.687
12.595	-673.366
12.6	-630.929
12.605	-575.917
12.61	-509.201
12.615	-432.003
12.62	-345.838
12.625	-252.459
12.63	-153.884
12.635	-52.54
12.64	48.586
12.645	145.957
12.65	235.777
12.655	314.538
12.66	379.614
12.665	429.648
12.67	464.559
12.675	485.21
12.68	492.933
12.685	489.162
12.69	475.297
12.695	452.78
12.7	423.211
12.705	388.34
12.71	349.939
12.715	309.629
12.72	268.826
12.725	228.851
12.73	191.131
12.735	157.286
12.74	129.005
12.745	107.705
12.75	94.198
12.755	88.588
12.76	90.519
12.765	99.667
12.77	116.185
12.775	140.803
12.78	174.475
12.785	217.702
12.79	269.895
12.795	329.064
12.8	392
12.805	454.817
12.81	513.591
12.815	564.854
12.82	605.836
12.825	634.553
12.83	649.834
12.835	651.393
12.84	639.849
12.845	616.606
12.85	583.524
12.855	542.485
12.86	495.066
12.865	442.505
12.87	385.992
12.875	327.092
12.88	268.039
12.885	211.662
12.89	160.945
12.895	118.438
12.9	85.784
12.905	63.565
12.91	51.471
12.915	48.631
12.92	53.934
12.925	66.257
12.93	84.603
12.935	108.189
12.94	136.475
12.945	169.032
12.95	205.195
12.955	243.589
12.96	281.793
12.965	316.456
12.97	343.98
12.975	361.56
12.98	368.087
12.985	364.378
12.99	352.563
12.995	334.894
13	312.648
13.005	285.736
13.01	253.231
13.015	214.466
13.02	169.997
13.025	121.832
13.03	72.817
13.035	25.588
13.04	-18.22
13.045	-58.065
13.05	-93.92
13.055	-125.56
13.06	-152.261
13.065	-173.153
13.07	-187.926
13.075	-197.287
13.08	-202.717
13.085	-205.561
13.09	-206.027
13.095	-202.78
13.1	-193.522
13.105	-176.309
13.11	-150.88
13.115	-119.226
13.12	-85.103
13.125	-52.781
13.13	-25.762
13.135	-6.101
13.14	5.463
13.145	8.902
13.15	4.36
13.155	-7.941
13.16	-27.418
13.165	-52.832
13.17	-82.382
13.175	-114.257
13.18	-147.316
13.185	-181.43
13.19	-217.191
13.195	-255.125
13.2	-294.883
13.205	-334.919
13.21	-372.846
13.215	-406.259
13.22	-433.495
13.225	-453.92
13.23	-467.62
13.235	-474.79
13.24	-475.239
13.245	-468.326
13.25	-453.317
13.255	-429.874
13.26	-398.376
13.265	-359.89
13.27	-315.927
13.275	-268.185
13.28	-218.496
13.285	-168.955
13.29	-122.053
13.295	-80.589
13.3	-47.288
13.305	-24.223
13.31	-12.32
13.315	-11.166
13.32	-19.229
13.325	-34.401
13.33	-54.636
13.335	-78.472
13.34	-105.28
13.345	-135.187
13.35	-168.748
13.355	-206.454
13.36	-248.235
13.365	-293.109
13.37	-339.08
13.375	-383.371
13.38	-422.914
13.385	-454.966
13.39	-477.63
13.395	-490.118
13.4	-492.676
13.405	-486.234
13.41	-471.944
13.415	-450.796
13.42	-423.433
13.425	-390.232
13.43	-351.579
13.435	-308.225
13.44	-261.573
13.445	-213.776
13.45	-167.577
13.455	-125.931
13.46	-91.511
13.465	-66.257
13.47	-51.134
13.475	-46.135
13.48	-50.512
13.485	-63.088
13.49	-82.53
13.495	-107.487
13.5	-136.607
13.505	-168.497
13.51	-201.691
13.515	-234.651
13.52	-265.784
13.525	-293.475
13.53	-316.128
13.535	-332.263
13.54	-340.692
13.545	-340.722
13.55	-332.279
13.555	-315.834
13.56	-292.118
13.565	-261.741
13.57	-224.906
13.575	-181.417
13.58	-130.99
13.585	-73.724
13.59	-10.459
13.595	57.16
13.6	126.944
13.605	196.561
13.61	263.836
13.615	326.809
13.62	383.607
13.625	432.332
13.63	471.168
13.635	498.724
13.64	514.448
13.645	518.831
13.65	513.231
13.655	499.365
13.66	478.742
13.665	452.367
13.67	420.859
13.675	384.913
13.68	345.791
13.685	305.529
13.69	266.736
13.695	232.089
13.7	203.807
13.705	183.352
13.71	171.465
13.715	168.417
13.72	174.285
13.725	189.08
13.73	212.695
13.735	244.766
13.74	284.535
13.745	330.797
13.75	381.892
13.755	435.724
13.76	489.777
13.765	541.212
13.77	587.083
13.775	624.708
13.78	652.078
13.785	668.179
13.79	673.07
13.795	667.711
13.8	653.622
13.805	632.514
13.81	606.01
13.815	575.483
13.82	541.937
13.825	505.926
13.83	467.503
13.835	426.302
13.84	381.841
13.845	333.999
13.85	283.512
13.855	232.234
13.86	182.992
13.865	139.007
13.87	103.125
13.875	77.15
13.88	61.552
13.885	55.625
13.89	57.954
13.895	66.918
13.9	81.024
13.905	98.991
13.91	119.676
13.915	141.985
13.92	164.862
13.925	187.341
13.93	208.582
13.935	227.826
13.94	244.299
13.945	257.187
13.95	265.767
13.955	269.696
13.96	269.268
13.965	265.461
13.97	259.623
13.975	252.898
13.98	245.666
13.985	237.321
13.99	226.526
13.995	211.858
14	192.478
14.005	168.46
14.01	140.619
14.015	109.946
14.02	77.025
14.025	41.784
14.03	3.714
14.035	-37.593
14.04	-81.925
14.045	-128.237
14.05	-174.806
14.055	-219.587
14.06	-260.489
14.065	-295.442
14.07	-322.342
14.075	-339.091
14.08	-343.942
14.085	-336.069
14.09	-316.083
14.095	-286.119
14.1	-249.313
14.105	-208.844
14.11	-166.992
14.115	-124.699
14.12	-81.839
14.125	-38.025
14.13	6.522
14.135	50.52
14.14	91.786
14.145	127.853
14.15	156.666
14.155	176.99
14.16	188.421
14.165	191.122
14.17	185.525
14.175	172.171
14.18	151.684
14.185	124.758
14.19	92.092
14.195	54.272
14.2	11.754
14.205	-34.979
14.21	-85.13
14.215	-137.321
14.22	-189.558
14.225	-239.444
14.23	-284.528
14.235	-322.555
14.24	-351.523
14.245	-369.613
14.25	-375.225
14.255	-367.306
14.26	-345.884
14.265	-312.5
14.27	-270.136
14.275	-222.472
14.28	-172.745
14.285	-122.752
14.29	-72.603
14.295	-21.401
14.3	31.473
14.305	85.174
14.31	136.975
14.315	182.848
14.32	218.719
14.325	241.71
14.33	250.778
14.335	246.52
14.34	230.433
14.345	204.117
14.35	168.857
14.355	125.655
14.36	75.509
14.365	19.641
14.37	-40.486
14.375	-103.298
14.38	-167.175
14.385	-230.377
14.39	-290.87
14.395	-346.253
14.4	-393.938
14.405	-431.523
14.41	-457.179
14.415	-469.816
14.42	-468.978
14.425	-454.628
14.43	-427.06
14.435	-387.063
14.44	-336.222
14.445	-277.076
14.45	-212.875
14.455	-146.948
14.46	-81.985
14.465	-19.629
14.47	39.362
14.475	94.504
14.48	144.929
14.485	189.129
14.49	225.288
14.495	251.996
14.5	268.888
14.505	276.799
14.51	277.35
14.515	272.254
14.52	262.783
14.525	249.703
14.53	233.655
14.535	215.621
14.54	197.111
14.545	179.878
14.55	165.354
14.555	154.174
14.56	146.11
14.565	140.456
14.57	136.592
14.575	134.351
14.58	133.966
14.585	135.694
14.59	139.439
14.595	144.717
14.6	151.058
14.605	158.6
14.61	168.451
14.615	182.472
14.62	202.476
14.625	229.192
14.63	261.555
14.635	296.71
14.64	330.815
14.645	360.249
14.65	382.674
14.655	397.457
14.66	405.33
14.665	407.525
14.67	404.908
14.675	397.548
14.68	384.892
14.685	366.364
14.69	341.985
14.695	312.637
14.7	279.839
14.705	245.2
14.71	209.914
14.715	174.612
14.72	139.648
14.725	105.64
14.73	73.866
14.735	46.25
14.74	24.84
14.745	11.04
14.75	4.973
14.755	5.323
14.76	9.776
14.765	15.845
14.77	21.73
14.775	26.831
14.78	31.743
14.785	37.819
14.79	46.518
14.795	58.864
14.8	75.162
14.805	95.001
14.81	117.447
14.815	141.26
14.82	165.056
14.825	187.389
14.83	206.808
14.835	221.949
14.84	231.703
14.845	235.411
14.85	233.012
14.855	225.042
14.86	212.428
14.865	196.11
14.87	176.631
14.875	153.875
14.88	127.116
14.885	95.411
14.89	58.196
14.895	15.838
14.9	-30.134
14.905	-77.246
14.91	-122.655
14.915	-163.825
14.92	-198.998
14.925	-227.267
14.93	-248.309
14.935	-261.992
14.94	-268.138
14.945	-266.599
14.95	-257.578
14.955	-241.995
14.96	-221.613
14.965	-198.811
14.97	-176.033
14.975	-155.126
14.98	-136.812
14.985	-120.487
14.99	-104.409
14.995	-86.242
15	-63.807
15.005	-35.888
15.01	-2.839
15.015	33.171
15.02	68.447
15.025	98.564
15.03	119.451
15.035	128.425
15.04	124.776
15.045	109.689
15.05	85.56
15.055	55.008
15.06	20.034
15.065	-18.346
15.07	-59.901
15.075	-104.58
15.08	-151.848
15.085	-200.266
15.09	-247.499
15.095	-290.72
15.1	-327.216
15.105	-354.984
15.11	-373.104
15.115	-381.764
15.12	-381.965
15.125	-374.982
15.13	-361.813
15.135	-342.821
15.14	-317.752
15.145	-286.126
15.15	-247.83
15.155	-203.613
15.16	-155.227
15.165	-105.123
15.17	-55.851
15.175	-9.496
15.18	32.601
15.185	69.711
15.19	101.376
15.195	127.132
15.2	146.533
15.205	159.449
15.21	166.396
15.215	168.568
15.22	167.406
15.225	163.845
15.23	157.647
15.235	147.237
15.24	130.26
15.245	104.682
15.25	69.938
15.255	27.581
15.26	-18.911
15.265	-65.116
15.27	-107.02
15.275	-142.166
15.28	-170.145
15.285	-192.286
15.29	-210.761
15.295	-227.524
15.3	-243.543
15.305	-258.567
15.31	-271.407
15.315	-280.499
15.32	-284.415
15.325	-282.117
15.33	-272.926
15.335	-256.357
15.34	-232.06
15.345	-199.971
15.35	-160.632
15.355	-115.462
15.36	-66.761
15.365	-17.366
15.37	29.931
15.375	72.927
15.38	110.291
15.385	141.504
15.39	166.604
15.395	185.943
15.4	200.102
15.405	209.92
15.41	216.458
15.415	220.771
15.42	223.53
15.425	224.749
15.43	223.884
15.435	220.372
15.44	214.347
15.445	207.063
15.45	200.662
15.455	197.301
15.46	198.113
15.465	202.653
15.47	209.248
15.475	216.113
15.48	222.609
15.485	229.842
15.49	240.238
15.495	256.33
15.5	279.535
15.505	309.696
15.51	345.647
15.515	386.398
15.52	432.057
15.525	483.815
15.53	542.911
15.535	609.206
15.54	680.3
15.545	751.778
15.55	818.517
15.555	876.289
15.56	922.799
15.565	957.655
15.57	981.497
15.575	994.978
15.58	998.294
15.585	991.479
15.59	975.117
15.595	950.824
15.6	921.061
15.605	888.324
15.61	854.231
15.615	819.065
15.62	782.053
15.625	742.152
15.63	698.839
15.635	652.462
15.64	604.065
15.645	554.963
15.65	506.432
15.655	459.685
15.66	416.015
15.665	376.8
15.67	343.19
15.675	315.622
15.68	293.513
15.685	275.469
15.69	260.008
15.695	246.442
15.7	235.363
15.705	228.399
15.71	227.334
15.715	233.097
15.72	245.205
15.725	261.969
15.73	281.284
15.735	301.459
15.74	321.563
15.745	341.109
15.75	359.351
15.755	374.729
15.76	384.913
15.765	387.467
15.77	380.77
15.775	364.626
15.78	340.186
15.785	309.237
15.79	273.272
15.795	232.894
15.8	187.891
15.805	137.908
15.81	83.295
15.815	25.614
15.82	-32.494
15.825	-88.021
15.83	-138.486
15.835	-182.558
15.84	-220.091
15.845	-251.636
15.85	-277.736
15.855	-298.427
15.86	-313.167
15.865	-321.198
15.87	-322.029
15.875	-315.734
15.88	-302.862
15.885	-284.056
15.89	-259.682
15.895	-229.75
15.9	-194.283
15.905	-153.95
15.91	-110.621
15.915	-67.473
15.92	-28.523
15.925	2.254
15.93	21.851
15.935	28.814
15.94	23.311
15.945	6.758
15.95	-18.71
15.955	-50.69
15.96	-86.744
15.965	-124.502
15.97	-161.75
15.975	-196.614
15.98	-227.78
15.985	-254.638
15.99	-277.214
15.995	-295.914
16	-311.194
16.005	-323.323
16.01	-332.334
16.015	-338.146
16.02	-340.715
16.025	-340.142
16.03	-336.668
16.035	-330.647
16.04	-322.534
16.045	-312.917
16.05	-302.526
16.055	-292.139
16.06	-282.395
16.065	-273.602
16.07	-265.694
16.075	-258.419
16.08	-251.68
16.085	-245.842
16.09	-241.8
16.095	-240.72
16.1	-243.595
16.105	-250.854
16.11	-262.245
16.115	-277.048
16.12	-294.448
16.125	-313.834
16.13	-334.859
16.135	-357.25
16.14	-380.566
16.145	-404.089
16.15	-426.932
16.155	-448.291
16.16	-467.649
16.165	-484.786
16.17	-499.601
16.175	-511.883
16.18	-521.195
16.185	-526.967
16.19	-528.728
16.195	-526.318
16.2	-519.948
16.205	-510.081
16.21	-497.23
16.215	-481.813
16.22	-464.15
16.225	-444.599
16.23	-423.724
16.235	-402.426
16.24	-381.964
16.245	-363.887
16.25	-349.877
16.255	-341.512
16.26	-339.935
16.265	-345.475
16.27	-357.332
16.275	-373.501
16.28	-391.049
16.285	-406.725
16.29	-417.727
16.295	-422.334
16.3	-420.172
16.305	-412.048
16.31	-399.465
16.315	-384.071
16.32	-367.226
16.325	-349.769
16.33	-331.953
16.335	-313.444
16.34	-293.37
16.345	-270.449
16.35	-243.276
16.355	-210.74
16.36	-172.455
16.365	-129.014
16.37	-81.922
16.375	-33.239
16.38	14.901
16.385	60.688
16.39	102.822
16.395	140.493
16.4	173.334
16.405	201.435
16.41	225.45
16.415	246.644
16.42	266.709
16.425	287.314
16.43	309.512
16.435	333.315
16.44	357.656
16.445	380.819
16.45	401.115
16.455	417.49
16.46	429.748
16.465	438.362
16.47	444.012
16.475	447.171
16.48	447.938
16.485	446.156
16.49	441.647
16.495	434.39
16.5	424.528
16.505	412.306
16.51	398.081
16.515	382.49
16.52	366.722
16.525	352.652
16.53	342.635
16.535	338.93
16.54	342.95
16.545	354.718
16.55	372.829
16.555	394.996
16.56	418.922
16.565	443.062
16.57	466.914
16.575	490.711
16.58	514.758
16.585	538.816
16.59	561.894
16.595	582.556
16.6	599.541
16.605	612.283
16.61	621.047
16.615	626.586
16.62	629.548
16.625	629.998
16.63	627.354
16.635	620.767
16.64	609.732
16.645	594.558
16.65	576.421
16.655	556.949
16.66	537.558
16.665	518.867
16.67	500.509
16.675	481.388
16.68	460.266
16.685	436.379
16.69	409.83
16.695	381.619
16.7	353.382
16.705	326.995
16.71	304.228
16.715	286.551
16.72	275.064
16.725	270.499
16.73	273.171
16.735	282.891
16.74	298.851
16.745	319.599
16.75	343.148
16.755	367.254
16.76	389.763
16.765	408.913
16.77	423.48
16.775	432.72
16.78	436.187
16.785	433.556
16.79	424.598
16.795	409.351
16.8	388.378
16.805	362.94
16.81	334.86
16.815	306.067
16.82	277.946
16.825	250.822
16.83	223.888
16.835	195.685
16.84	164.98
16.845	131.62
16.85	96.922
16.855	63.364
16.86	33.688
16.865	9.843
16.87	-7.709
16.875	-20.003
16.88	-28.908
16.885	-36.174
16.89	-42.696
16.895	-48.338
16.9	-52.363
16.905	-54.163
16.91	-53.835
16.915	-52.282
16.92	-50.799
16.925	-50.388
16.93	-51.211
16.935	-52.476
16.94	-52.838
16.945	-51.083
16.95	-46.753
16.955	-40.417
16.96	-33.477
16.965	-27.64
16.97	-24.357
16.975	-24.468
16.98	-28.194
16.985	-35.378
16.99	-45.789
16.995	-59.281
17	-75.737
17.005	-94.887
17.01	-116.159
17.015	-138.706
17.02	-161.599
17.025	-184.028
17.03	-205.331
17.035	-224.768
17.04	-241.148
17.045	-252.607
17.05	-256.779
17.055	-251.458
17.06	-235.499
17.065	-209.547
17.07	-176.174
17.075	-139.292
17.08	-103.071
17.085	-70.874
17.09	-44.661
17.095	-25.073
17.1	-11.976
17.105	-5.054
17.11	-4.047
17.115	-8.574
17.12	-17.761
17.125	-30.095
17.13	-43.74
17.135	-57.224
17.14	-70.114
17.145	-83.246
17.15	-98.309
17.155	-116.982
17.16	-140.073
17.165	-167.139
17.17	-196.73
17.175	-227.083
17.18	-256.83
17.185	-285.347
17.19	-312.625
17.195	-338.847
17.2	-364.004
17.205	-387.763
17.21	-409.604
17.215	-429.036
17.22	-445.674
17.225	-459.074
17.23	-468.446
17.235	-472.441
17.24	-469.211
17.245	-456.753
17.25	-433.444
17.255	-398.526
17.26	-352.401
17.265	-296.637
17.27	-233.725
17.275	-166.654
17.28	-98.456
17.285	-31.795
17.29	31.255
17.295	89.237
17.3	141.147
17.305	186.226
17.31	223.845
17.315	253.583
17.32	275.421
17.325	289.904
17.33	298.055
17.335	301.029
17.34	299.649
17.345	294.146
17.35	284.335
17.355	270.2
17.36	252.555
17.365	233.337
17.37	215.237
17.375	200.759
17.38	191.177
17.385	185.982
17.39	183.128
17.395	179.994
17.4	174.526
17.405	165.979
17.41	154.948
17.415	142.835
17.42	131.188
17.425	121.363
17.43	114.614
17.435	112.385
17.44	116.386
17.445	128.21
17.45	148.621
17.455	176.922
17.46	210.827
17.465	246.964
17.47	281.778
17.475	312.35
17.48	336.772
17.485	354.02
17.49	363.602
17.495	365.319
17.5	359.334
17.505	346.41
17.51	328.026
17.515	306.124
17.52	282.535
17.525	258.369
17.53	233.736
17.535	207.941
17.54	180.041
17.545	149.416
17.55	116.061
17.555	80.548
17.56	43.813
17.565	7.006
17.57	-28.502
17.575	-61.077
17.58	-88.952
17.585	-110.625
17.59	-125.377
17.595	-133.566
17.6	-136.421
17.605	-135.344
17.61	-131.09
17.615	-123.299
17.62	-110.746
17.625	-92.194
17.63	-67.401
17.635	-37.688
17.64	-5.743
17.645	25.219
17.65	52.468
17.655	74.39
17.66	90.487
17.665	100.874
17.67	105.694
17.675	104.84
17.68	98.101
17.685	85.543
17.69	67.789
17.695	45.971
17.7	21.387
17.705	-4.914
17.71	-32.35
17.715	-60.742
17.72	-90.078
17.725	-120.308
17.73	-151.309
17.735	-182.965
17.74	-215.199
17.745	-247.817
17.75	-280.195
17.755	-311.017
17.76	-338.289
17.765	-359.761
17.77	-373.589
17.775	-378.938
17.78	-376.21
17.785	-366.792
17.79	-352.465
17.795	-334.811
17.8	-314.894
17.805	-293.328
17.81	-270.604
17.815	-247.422
17.82	-224.823
17.825	-204.086
17.83	-186.476
17.835	-173.025
17.84	-164.452
17.845	-161.202
17.85	-163.519
17.855	-171.471
17.86	-184.895
17.865	-203.333
17.87	-226.034
17.875	-252.051
17.88	-280.393
17.885	-310.141
17.89	-340.465
17.895	-370.571
17.9	-399.643
17.905	-426.853
17.91	-451.491
17.915	-473.132
17.92	-491.776
17.925	-507.865
17.93	-522.193
17.935	-535.742
17.94	-549.523
17.945	-564.45
17.95	-581.204
17.955	-600.074
17.96	-620.754
17.965	-642.206
17.97	-662.691
17.975	-680.072
17.98	-692.339
17.985	-698.195
17.99	-697.458
17.995	-691.099
18	-680.898
18.005	-668.885
18.01	-656.823
18.015	-645.933
18.02	-636.934
18.025	-630.254
18.03	-626.218
18.035	-625.055
18.04	-626.729
18.045	-630.709
18.05	-635.882
18.055	-640.674
18.06	-643.374
18.065	-642.491
18.07	-637.017
18.075	-626.535
18.08	-611.216
18.085	-591.801
18.09	-569.587
18.095	-546.371
18.1	-524.216
18.105	-505.008
18.11	-489.892
18.115	-478.822
18.12	-470.475
18.125	-462.644
18.13	-452.975
18.135	-439.744
18.14	-422.324
18.145	-401.182
18.15	-377.495
18.155	-352.639
18.16	-327.835
18.165	-304.055
18.17	-282.086
18.175	-262.531
18.18	-245.638
18.185	-230.988
18.19	-217.315
18.195	-202.662
18.2	-184.957
18.205	-162.796
18.21	-136.046
18.215	-105.964
18.22	-74.74
18.225	-44.703
18.23	-17.554
18.235	6.022
18.24	26.302
18.245	44.19
18.25	60.867
18.255	77.616
18.26	95.801
18.265	116.821
18.27	141.892
18.275	171.654
18.28	205.781
18.285	242.884
18.29	280.803
18.295	317.231
18.3	350.354
18.305	379.219
18.31	403.679
18.315	424.034
18.32	440.631
18.325	453.652
18.33	463.162
18.335	469.277
18.34	472.244
18.345	472.338
18.35	469.644
18.355	463.942
18.36	454.847
18.365	442.19
18.37	426.42
18.375	408.732
18.38	390.77
18.385	374.03
18.39	359.244
18.395	346.11
18.4	333.514
18.405	320.099
18.41	304.897
18.415	287.684
18.42	268.989
18.425	249.866
18.43	231.67
18.435	216.011
18.44	204.83
18.445	200.393
18.45	205.004
18.455	220.414
18.46	247.137
18.465	284.026
18.47	328.354
18.475	376.411
18.48	424.366
18.485	469.004
18.49	508.1
18.495	540.365
18.5	565.179
18.505	582.335
18.51	591.929
18.515	594.359
18.52	590.26
18.525	580.296
18.53	564.838
18.535	543.756
18.54	516.507
18.545	482.579
18.55	442.108
18.555	396.352
18.56	347.722
18.565	299.312
18.57	254.103
18.575	214.185
18.58	180.337
18.585	152.111
18.59	128.329
18.595	107.782
18.6	89.831
18.605	74.737
18.61	63.627
18.615	58.145
18.62	59.884
18.625	69.775
18.63	87.607
18.635	111.864
18.64	139.952
18.645	168.76
18.65	195.352
18.655	217.51
18.66	233.946
18.665	244.143
18.67	248.008
18.675	245.567
18.68	236.868
18.685	222.077
18.69	201.601
18.695	176.066
18.7	146.163
18.705	112.466
18.71	75.478
18.715	35.924
18.72	-4.842
18.725	-44.696
18.73	-81.113
18.735	-112.022
18.74	-136.714
18.745	-156.234
18.75	-172.864
18.755	-188.825
18.76	-204.823
18.765	-219.264
18.77	-228.666
18.775	-229.155
18.78	-218.336
18.785	-196.57
18.79	-167.047
18.795	-134.659
18.8	-104.332
18.805	-79.67
18.81	-62.461
18.815	-53.059
18.82	-51.135
18.825	-56.222
18.83	-67.775
18.835	-84.908
18.84	-106.232
18.845	-130.117
18.85	-155.313
18.855	-181.527
18.86	-209.484
18.865	-240.31
18.87	-274.52
18.875	-311.25
18.88	-348.215
18.885	-382.512
18.89	-411.832
18.895	-435.382
18.9	-453.966
18.905	-469.193
18.91	-482.228
18.915	-492.825
18.92	-499.153
18.925	-498.514
18.93	-488.572
18.935	-468.501
18.94	-439.529
18.945	-404.732
18.95	-368.229
18.955	-334.161
18.96	-305.809
18.965	-285.086
18.97	-272.459
18.975	-267.246
18.98	-268.165
18.985	-273.959
18.99	-283.902
18.995	-298.001
19	-316.802
19.005	-340.858
19.01	-370.079
19.015	-403.279
19.02	-438.15
19.025	-471.699
19.03	-500.999
19.035	-523.921
19.04	-539.584
19.045	-548.348
19.05	-551.421
19.055	-550.229
19.06	-545.78
19.065	-538.211
19.07	-526.643
19.075	-509.392
19.08	-484.505
19.085	-450.491
19.09	-407.011
19.095	-355.285
19.1	-297.995
19.105	-238.714
19.11	-181.047
19.115	-127.849
19.12	-80.82
19.125	-40.571
19.13	-7.011
19.135	20.253
19.14	41.739
19.145	58.176
19.15	70.642
19.155	80.522
19.16	89.157
19.165	97.337
19.17	104.956
19.175	111.119
19.18	114.704
19.185	115.112
19.19	112.751
19.195	108.956
19.2	105.39
19.205	103.288
19.21	103.038
19.215	104.371
19.22	107.049
19.225	111.597
19.23	119.584
19.235	133.209
19.24	154.374
19.245	183.723
19.25	220.16
19.255	261.084
19.26	303.171
19.265	343.312
19.27	379.265
19.275	409.837
19.28	434.658
19.285	453.809
19.29	467.508
19.295	475.95
19.3	479.238
19.305	477.345
19.31	470.092
19.315	457.241
19.32	438.761
19.325	415.21
19.33	388.048
19.335	359.625
19.34	332.729
19.345	309.803
19.35	292.162
19.355	279.575
19.36	270.454
19.365	262.563
19.37	253.949
19.375	243.688
19.38	232.16
19.385	220.81
19.39	211.563
19.395	206.156
19.4	205.646
19.405	210.192
19.41	219.1
19.415	231.065
19.42	244.496
19.425	257.833
19.43	269.778
19.435	279.396
19.44	286.06
19.445	289.306
19.45	288.694
19.455	283.773
19.46	274.178
19.465	259.799
19.47	240.878
19.475	217.958
19.48	191.673
19.485	162.545
19.49	130.911
19.495	97.105
19.5	61.764
19.505	26.065
19.51	-8.343
19.515	-39.744
19.52	-66.942
19.525	-89.698
19.53	-108.744
19.535	-125.326
19.54	-140.486
19.545	-154.462
19.55	-166.511
19.555	-175.224
19.56	-179.13
19.565	-177.262
19.57	-169.403
19.575	-155.986
19.58	-137.801
19.585	-115.763
19.59	-90.874
19.595	-64.343
19.6	-37.682
19.605	-12.606
19.61	9.28
19.615	26.868
19.62	39.796
19.625	48.397
19.63	53.389
19.635	55.459
19.64	54.962
19.645	51.841
19.65	45.734
19.655	36.157
19.66	22.617
19.665	4.645
19.67	-18.177
19.675	-46.113
19.68	-79.053
19.685	-116.277
19.69	-156.343
19.695	-197.228
19.7	-236.71
19.705	-272.856
19.71	-304.407
19.715	-330.895
19.72	-352.448
19.725	-369.394
19.73	-381.852
19.735	-389.472
19.74	-391.441
19.745	-386.708
19.75	-374.341
19.755	-353.865
19.76	-325.46
19.765	-289.973
19.77	-248.757
19.775	-203.442
19.78	-155.724
19.785	-107.29
19.79	-59.848
19.795	-15.23
19.8	24.579
19.805	57.553
19.81	81.878
19.815	96.223
19.82	99.901
19.825	92.806
19.83	75.181
19.835	47.394
19.84	9.906
19.845	-36.467
19.85	-90.127
19.855	-148.37
19.86	-207.445
19.865	-263.125
19.87	-311.633
19.875	-350.534
19.88	-379.207
19.885	-398.651
19.89	-410.72
19.895	-417.142
19.9	-418.762
19.905	-415.31
19.91	-405.754
19.915	-388.995
19.92	-364.579
19.925	-333.136
19.93	-296.421
19.935	-257.026
19.94	-217.921
19.945	-181.991
19.95	-151.677
19.955	-128.735
19.96	-114.135
19.965	-108.052
19.97	-109.968
19.975	-118.845
19.98	-133.358
19.985	-152.119
19.99	-173.852
19.995	-197.471
20	-222.041
20.005	-246.666
20.01	-270.332
20.015	-291.806
20.02	-309.641
20.025	-322.339
20.03	-328.622
20.035	-327.71
20.04	-319.449
20.045	-304.183
20.05	-282.398
20.055	-254.295
20.06	-219.552
20.065	-177.459
20.07	-127.441
20.075	-69.734
20.08	-5.882
20.085	61.243
20.09	127.931
20.095	190.438
20.1	245.695
20.105	291.663
20.11	327.247
20.115	351.981
20.12	365.801
20.125	369.073
20.13	362.83
20.135	348.94
20.14	329.93
20.145	308.427
20.15	286.431
20.155	264.817
20.16	243.362
20.165	221.288
20.17	198.018
20.175	173.686
20.18	149.148
20.185	125.527
20.19	103.632
20.195	83.64
20.2	65.229
20.205	48.033
20.21	32.075
20.215	17.893
20.22	6.299
20.225	-2.01
20.23	-6.655
20.235	-7.418
20.24	-3.825
20.245	5.2
20.25	21.292
20.255	46.093
20.26	80.44
20.265	123.67
20.27	173.423
20.275	226.034
20.28	277.325
20.285	323.433
20.29	361.372
20.295	389.233
20.3	406.095
20.305	411.856
20.31	407.086
20.315	392.957
20.32	371.141
20.325	343.661
20.33	312.654
20.335	280.122
20.34	247.694
20.345	216.447
20.35	186.759
20.355	158.246
20.36	129.853
20.365	100.174
20.37	67.998
20.375	32.914
20.38	-4.29
20.385	-41.692
20.39	-76.816
20.395	-107.509
20.4	-132.714
20.405	-152.76
20.41	-169.025
20.415	-183.134
20.42	-196.101
20.425	-207.786
20.43	-216.89
20.435	-221.376
20.44	-219.09
20.445	-208.332
20.45	-188.237
20.455	-158.987
20.46	-121.897
20.465	-79.372
20.47	-34.671
20.475	8.574